6411268 280808 122906 183376 1005013 238138 13895 23817 592698 20181 12402 4313 1091194 
3302301 915827 828512 1236801 1369934 1664234 93002 170852 142306 132416 84590 29372 29853 
3322536 592340 2118545 387628 892504 303743 163306 144791 114504 89086 75055 89733 1706231 
3545955 1065363 1105264 744539 1534004 400137 271274 228457 172440 123504 75076 42512 691475 
6416707 528444 455421 717792 588191 184588 127519 101361 97784 96700 49560 34626 601308 
9609001 13 1498 43992 4028 8221 15297 27856 67055 97725 24526 21359 79430 
9607548 12 1620 44158 3767 8481 15353 28145 67668 97274 24593 21347 80035 
9607277 17 1552 44245 4164 8489 15511 27991 67663 96824 24948 21635 79684 
9604937 21 1638 44566 4137 8660 15756 28400 68027 97088 24765 21629 80376 
9602541 13 1676 44913 4244 9175 16638 29345 67206 96839 25151 21641 80618 
9612159 17 1411 43501 3725 8406 14541 27248 66285 98317 24302 21174 78914 
9601589 18 1782 45118 4503 9029 16224 29055 68606 96574 25079 21709 80717 
9605173 17 1690 44555 4161 9189 15349 28457 67953 96891 24716 21733 80116 
9601096 20 1652 45199 4288 9123 16497 29399 68647 96178 25432 21695 80774 
9601708 12 1801 45042 4548 9183 16615 28917 68209 96342 25297 21709 80617 
7234684 479201 884384 116627 81695 136313 141059 129051 156828 280258 138810 90498 130594 
2834600 1408095 2427144 321233 264892 397259 385133 315570 313785 601582 330411 200949 199347 
2391545 1204477 2219360 597729 898548 1456490 257420 248086 191796 197484 110947 70052 156066 
4466483 310884 843885 1643309 2196361 335934 36230 40323 30555 21499 12977 8015 53547 
3303028 917018 828918 1237411 1376398 1656388 92987 169147 142139 132794 84245 29407 30130 
3288593 580446 2088609 446750 871514 421604 145189 136909 111451 90105 77145 89192 1652493 
3573829 1063177 1113393 718189 1543299 398252 273350 231033 173292 123551 73768 41732 673140 
5849470 625852 552481 801755 722243 221803 150355 119185 109155 102184 55360 37747 652410 
9608415 13 1623 44069 3986 8206 15207 28201 67154 97559 24505 21408 79654 
9607175 11 1575 44288 3837 8384 15263 28598 67888 97017 24494 21483 79987 
9605074 16 1566 44588 4018 9054 15631 28627 67650 97052 25047 21537 80140 
9606266 22 1684 44359 4217 8533 15658 28338 66748 97637 24996 21474 80068 
9602328 13 1588 44995 4456 9213 16458 29110 67609 97051 24914 21638 80628 
9608744 18 1439 44045 3790 8715 15178 27998 66262 98680 24320 21123 79689 
9602581 19 1699 44990 4294 8933 16261 28643 68911 96377 24865 21664 80763 
9601394 15 1681 45138 4546 9316 16387 29023 68726 96338 24996 21821 80619 
9601208 21 1637 45184 4226 9085 16627 29247 68866 95877 25334 21945 80744 
9600772 11 1812 45163 4590 9186 16630 29436 68186 96416 25299 21779 80721 
7387560 448094 826532 111929 76389 128806 133284 122768 151704 267558 131242 86436 127700 
2835114 1409118 2427309 321446 264306 398620 385905 315172 312817 596637 330685 202377 200504 
2409887 1210916 2225739 589783 878110 1423628 259845 249403 194771 207563 116655 75362 158345 
4440867 315632 876170 1628883 2188697 339590 39453 41672 31140 20481 12386 8606 56426 
3303001 916960 828803 1237415 1374335 1657158 92575 170171 142942 133122 84089 29430 30002 
3281565 577115 2082764 460954 867005 450476 140572 134633 110183 90733 76662 89159 1638183 
3579028 1059928 1114728 711280 1549118 397092 274716 231115 173370 123781 73088 41901 670855 
5722520 646812 575581 820822 750261 228977 155779 122014 108583 100987 55994 37610 674061 
9610557 14 1605 43718 3910 8422 14753 27542 66958 97363 24657 21279 79223 
9610540 11 1504 43802 3897 8069 15292 27447 66535 97926 24519 21265 79193 
9607717 15 1583 44182 4169 8682 15352 27898 66878 97969 24365 21525 79665 
9609458 21 1549 43902 3922 8531 15121 27432 67052 97657 24537 21280 79539 
9607336 13 1487 44254 4064 8417 15655 28205 67227 97466 24739 21292 79845 
9610520 16 1406 43831 3906 8678 15113 27587 65574 98341 24463 21352 79213 
9607947 20 1649 44167 4265 8557 15367 27750 66508 98017 24578 21300 79876 
9605354 11 1636 44559 4295 8714 15844 28525 67565 97100 24760 21247 80390 
9606335 21 1599 44393 4025 8691 15823 28175 67229 97559 24640 21527 79984 
9606853 14 1741 44259 4333 8486 15665 27864 67271 97565 24665 21296 79989 
8587388 204929 378925 76327 38326 63761 69871 72354 105433 175716 73316 50884 102780 
2862918 1393075 2449005 298636 247415 387054 378992 313886 315069 610893 333210 204451 205399 
2509561 1266636 2257054 545475 739701 1176023 290521 266920 220289 298351 164334 100674 164461 
4005199 468713 1156473 1422559 1979295 607303 76784 77918 57172 35376 20394 13912 78906 
3543062 800201 796788 1327138 1526010 1418874 79573 146116 121071 112793 71950 25127 31301 
3214755 553814 2024319 577225 831928 675939 104136 120551 102722 93160 80523 87582 1533349 
3617723 1056008 1125363 668802 1564553 392124 281518 236039 174696 122134 69542 40945 650557 
4606016 842092 775606 965154 1024587 303732 201198 157792 129224 108448 65872 41851 778429 
9608618 15 1749 44011 4082 8350 15172 27955 66404 97948 24496 21606 79595 
9612152 10 1459 43537 3806 7822 15023 27409 66186 97713 24510 21257 79116 
9607670 18 1607 44212 3998 8737 15377 27780 67028 97688 24859 21223 79804 
9611781 15 1483 43569 4059 8118 14736 27179 65900 98431 24412 21180 79138 
9610138 19 1453 43833 3682 8478 15167 27772 66476 97959 24520 21145 79359 
9610198 13 1486 43795 3776 8569 15091 27475 66631 97937 24322 21537 79171 
9610378 18 1672 43730 4141 8283 14988 27364 66002 98380 24498 21321 79226 
9607336 14 1632 44249 3999 8778 15853 27775 66976 97807 24431 21195 79956 
9609175 19 1569 43954 4146 8500 15079 27851 66667 97513 24528 21449 79551 
9607421 17 1486 44284 4073 8611 15631 28032 66923 97474 25029 21203 79816 
9596695 18 1913 45829 5094 9968 17046 29964 68656 95984 25764 21590 81480 
3255699 1310638 2305592 282134 235318 365090 357755 298539 299869 579585 318807 194544 196446 
2653694 1317734 2314538 474368 558757 879968 320949 284699 251762 407185 225672 137567 173110 
3437919 675367 1490814 1160499 1694607 982026 123576 126285 93163 58319 33582 22665 101183 
3882517 636990 752318 1454593 1755508 1066358 59630 108835 91284 85139 54051 19511 33272 
3145798 524962 1946065 709937 783482 955744 56248 104458 92996 96471 85612 85156 1413073 
3643825 1051150 1134471 633373 1576055 384658 290996 242782 178379 119554 65157 39444 640159 
3362694 1055605 999245 1107802 1343459 382954 251596 198578 148439 111769 75798 45336 916725 
9605496 180 4575 44389 5033 8177 14792 26980 66209 97907 24671 21150 80442 
9612158 0 1186 43590 3649 8122 14809 27153 66431 98360 24447 21061 79034 
9608312 0 1406 44159 3825 8284 15383 27824 67872 97171 24619 21436 79710 
9609521 1 1270 43978 3915 8399 15391 27495 67153 97532 24680 21292 79373 
9609580 0 1327 43909 3904 8167 15135 28091 66842 97865 24368 21293 79519 
9608869 0 1340 44032 4109 8879 15487 27773 65873 98436 24440 21408 79355 
9611050 0 1355 43689 3867 8376 14720 27605 66771 97982 24346 21123 79117 
9604428 0 1559 44741 4284 8622 15835 28720 68177 97241 24371 21492 80531 
9610729 0 1260 43811 3970 8292 15093 27059 67028 97597 24575 21383 79203 
9605527 0 1408 44551 4355 8782 16079 28517 67134 97307 24734 21390 80217 
9599698 2 1649 45375 4499 9429 17138 29616 68143 96432 25552 21612 80855 
4885277 966823 1730112 209205 169999 269973 268867 228440 241197 458210 246076 154149 171683 
2795856 1390083 2358705 415238 367071 545053 362164 306717 284395 522886 289342 175788 186704 
2781043 914697 1877819 857023 1364933 1415711 178512 182872 134243 83816 48146 32252 128944 
4277566 447363 701085 1603304 2018827 655991 36990 67078 56823 53066 33779 12582 35546 
3199628 747315 1543537 1009292 1119165 1357582 76829 141798 120871 116344 84484 52396 430769 
3508163 793613 1478825 467521 1197272 289536 227293 190491 144544 102244 70986 68930 1460583 
3436327 1077613 1080595 861013 1486811 403762 264737 221153 167218 122726 80051 44171 753824 
8026518 254692 196206 454707 240377 86045 66430 57834 77353 94386 35770 28745 380937 
9608905 13 1535 44007 3942 8118 15135 28064 67257 97412 24468 21474 79670 
9600275 11 1763 45266 4252 9091 16204 29724 69377 96020 25130 21794 81093 
9608554 21 1506 44096 3842 8583 15310 27766 67131 97323 24660 21625 79583 
9602872 15 1622 44862 4391 9219 15777 28776 68297 97065 25188 21457 80460 
9602402 19 1633 45008 4398 9312 16721 28751 67011 97232 25397 21550 80567 
9608816 14 1464 43988 3666 8630 15096 27917 67242 97792 24477 21251 79647 
9597469 16 1793 45778 4719 9325 17005 29878 69604 95900 25139 21923 81451 
9603056 22 1669 44847 4349 9248 15990 28529 68579 96633 24971 21764 80343 
9597056 15 1754 45821 4687 9638 17228 30017 68922 95876 25605 21946 81436 
9592578 17 2110 46402 5142 10221 17898 30880 69126 95811 25803 21998 82015 
4741918 998690 1783002 216319 176096 278317 275620 234080 247460 467842 251266 155796 173606 
2778451 1388274 2352986 426413 387959 579509 358802 302975 281931 508226 282138 170496 181840 
2851319 888090 1836112 893571 1396362 1372413 173985 175372 129555 79920 46950 32415 123937 
4231415 468709 706457 1585652 1981817 710780 39510 73983 60887 56277 35923 13378 35219 
3217623 722288 1630466 975633 1087790 1303402 74289 135049 117397 114457 84243 55085 482279 
3500100 820803 1400730 486528 1242315 300026 235525 196127 148821 104960 70144 67121 1426800 
3426507 1077823 1079683 881347 1474337 403318 264103 218601 164729 122114 78945 44400 764093 
8216693 221860 166660 418820 203359 74541 59818 52291 74047 94433 34151 27989 355339 
9610540 13 1545 43764 3919 8360 14836 27502 66858 97578 24540 21405 79140 
9604026 11 1717 44688 4272 8956 15798 28790 67860 96921 24940 21546 80476 
9612325 21 1479 43539 3772 8103 14735 27052 66357 98107 24188 21245 79078 
9607622 14 1546 44128 4153 8424 15523 28251 66987 97559 24681 21389 79724 
9605444 18 1672 44497 4284 9028 16142 28217 66602 97460 24938 21675 80023 
9610150 15 1409 43860 3764 8199 14951 28299 66166 98207 24203 21416 79362 
9604385 16 1734 44739 4443 8885 15873 28312 67730 97396 24552 21470 80466 
9608405 20 1529 44078 4065 8812 15430 27458 67426 97305 24592 21272 79609 
9604245 16 1625 44709 4277 8748 15992 28673 67889 96894 24965 21644 80323 
9599291 12 1862 45380 4729 9448 16665 29847 68108 96766 25159 21808 80925 
5620391 818833 1454199 189380 147504 230483 230626 197439 212882 397863 210803 133151 156450 
2874788 1417716 2390753 378167 272846 388434 378395 313089 299900 578650 321157 193630 192475 
2489142 1020964 2049498 723767 1216957 1610754 202463 207433 151797 94842 55268 37216 139899 
4449500 363387 678040 1667530 2126783 486455 27332 50249 41496 38361 24806 9698 36363 
3286085 845331 1111592 1141774 1267968 1528849 86063 158627 133349 126653 84528 38684 190501 
3388881 681282 1877200 398107 1030182 247705 199352 165698 128097 94429 71175 81965 1635930 
3499964 1067997 1095779 803442 1508465 402940 267097 223579 167566 122426 76674 43939 720132 
7347138 368504 300926 576491 377938 125545 91318 73759 83107 94427 41172 30849 488827 
9610975 14 1517 43759 3783 8041 14957 27726 66168 97993 24317 21456 79294 
9607069 10 1633 44255 3977 8769 15462 28043 67440 97401 24621 21343 79978 
9613934 20 1406 43294 3862 7972 14459 26675 65571 98736 24257 21210 78605 
9607745 17 1542 44168 3993 8486 15487 28115 67064 97375 24739 21432 79838 
9606450 13 1539 44397 4083 8877 15868 28049 67338 97321 24670 21730 79665 
9614825 19 1391 43151 3543 8114 14132 27049 65504 98587 24082 21106 78498 
9606066 14 1723 44459 4383 8647 15902 27994 66919 97400 24721 21635 80138 
9610950 19 1533 43684 3965 8515 15003 27052 66455 97908 24608 21096 79212 
9606627 18 1527 44373 4092 8582 15635 28409 67344 97158 24796 21488 79952 
9607535 11 1687 44195 4387 8562 15685 27978 66477 97791 24694 21046 79953 
7259765 475406 876891 114878 79487 133088 138865 128056 155991 280361 138434 90136 128689 
2835423 1408319 2426612 319673 261980 394260 385096 317741 312829 605031 335883 199866 197316 
2392746 1206342 2221215 592028 897379 1451475 256402 249340 192809 201451 112711 71139 154967 
4463287 311611 849273 1640649 2196896 334383 36237 40130 30873 21684 12769 7800 54409 
3301931 916801 828398 1236646 1368205 1665202 92854 171224 142174 132920 84415 29106 30124 
3291049 576568 2077267 449517 873678 426183 144931 136677 109908 88710 73882 88137 1663500 
3589408 1052073 1112845 710599 1551764 399682 273193 232108 171956 122967 73882 41953 667571 
5855849 624920 550646 801201 717649 219532 148163 116822 104204 99544 53489 36477 671504 
9613623 0 1266 43385 3790 7949 14415 26917 66240 98211 24264 21112 78828 
9610871 0 1289 43777 3591 8149 15154 27525 66513 98159 24361 21222 79389 
9610374 3 1299 43845 3903 8301 15198 27407 66573 97946 24625 21250 79276 
9608829 0 1300 44032 3990 8506 15144 27630 67134 97958 24589 21309 79579 
9608795 0 1274 44087 3994 8372 15666 28115 66435 97821 24684 21195 79562 
9612478 0 1269 43534 3777 8428 14635 26971 65904 99083 23986 21073 78862 
9609328 0 1387 44006 3997 8289 15239 27753 67049 97858 24303 21098 79693 
9604050 0 1517 44795 4333 9021 16011 28670 67827 97260 24573 21449 80495 
9607895 0 1272 44232 4003 8210 15710 27803 68023 96997 24653 21356 79846 
9606494 1 1453 44375 4273 8626 15757 28389 67137 97186 24946 21324 80040 
9058338 108657 202513 61880 23374 38673 45684 52696 88232 138647 51111 37632 92578 
2865236 1387526 2451661 292345 246425 385871 380096 314399 314717 614047 338105 206067 203511 
2554867 1285068 2274358 522753 679390 1074803 302592 273297 231671 333868 186022 113650 167665 
3809159 540122 1272022 1331994 1880899 736668 93040 94650 69919 43384 24966 17731 85455 
3663167 743215 781792 1372555 1615421 1285546 72362 130974 110617 103317 65833 23086 32115 
3187011 543001 1999821 623732 810372 778909 87575 116198 100064 94144 83068 86939 1489170 
3623261 1059899 1128590 654615 1567480 390608 283093 239602 176890 121784 69209 39714 645260 
4141852 923635 856967 1017054 1142445 333125 219513 174261 137230 110157 71124 43507 829130 
9607452 24 1786 44140 4123 8377 15360 27886 67622 97626 24454 21506 79644 
9607186 7 1498 44247 3879 8289 15340 28474 68002 96980 24774 21314 80010 
9602263 21 1744 44963 4373 8887 16005 29079 69267 96124 24853 21925 80497 
9605516 15 1599 44523 4191 8907 15989 27955 67587 97398 24630 21633 80057 
9605475 21 1615 44462 4005 8639 15668 28931 67908 96884 24881 21207 80305 
9604495 14 1495 44689 4300 9105 16103 28511 67038 97634 24811 21568 80238 
9604586 17 1631 44616 4207 8834 15803 28558 68411 96499 25201 21489 80149 
9599100 15 1746 45501 4433 9406 16520 29425 69906 95874 24996 21898 81180 
9600740 19 1742 45187 4493 9252 16377 29241 68635 96166 25384 21889 80876 
9598194 18 1781 45619 4675 9474 17180 29812 68535 96255 25359 21790 81308 
8963499 126612 234959 66460 27054 44666 51513 57642 92284 144161 56160 39992 95049 
2867467 1391718 2452220 296187 245979 389619 379105 312729 314785 606664 334394 205441 203703 
2546696 1283277 2269801 532411 689758 1098117 300962 270060 228505 323298 179057 110988 167073 
3853445 523435 1245618 1355065 1900700 709262 90223 90362 66654 40904 23809 16732 83792 
3633053 758001 785533 1361282 1592791 1317954 73520 134985 113394 106759 67262 23578 31893 
3193522 545366 2005425 611416 817643 753699 91700 116506 100497 94441 83051 87516 1499218 
3619155 1061698 1127668 660170 1564147 390718 283499 238411 175917 121915 69177 39907 647618 
4268654 898333 835532 1002930 1109693 324162 214687 169090 133601 107654 68512 42556 824597 
9607565 24 1929 44145 4120 8505 15325 28128 67016 97286 24784 21498 79675 
9608628 7 1558 44064 3957 8406 15230 27943 66781 97580 24782 21410 79655 
9604999 21 1687 44543 3973 8898 15651 28744 67946 96573 24976 21700 80290 
9609003 15 1552 44003 4076 8688 15068 27500 66384 98019 24778 21302 79613 
9607855 19 1548 44138 4157 8534 15462 27949 67185 97401 24598 21343 79812 
9605689 14 1540 44473 4126 9001 15794 28477 66849 97978 24589 21541 79930 
9607298 17 1512 44265 4019 8768 15493 28178 66680 98041 24567 21325 79837 
9604752 15 1606 44666 4195 8777 15940 28439 68164 97037 24601 21370 80439 
9606075 18 1511 44445 4157 8837 15807 28501 66997 97041 24984 21705 79923 
9604410 17 1657 44668 4376 8880 16059 28186 68069 96883 25135 21519 80141 
9589339 16 2296 46904 5571 11023 18193 31390 68714 96063 25987 22084 82420 
2975114 1369518 2411674 291737 243997 380996 372844 308530 310186 598408 329618 204431 202997 
2624980 1308888 2302112 491488 595107 940447 315196 279637 245530 383138 209966 130357 173154 
3554436 632369 1422128 1215547 1751904 906334 114624 116054 85350 53280 30758 20493 96723 
3811739 671595 761376 1428027 1703660 1141866 63735 118208 97668 90742 57887 20554 32947 
3161408 530630 1967822 684536 798737 889962 66511 106237 96034 96460 85440 86473 1429750 
3631492 1057626 1135956 641549 1571339 386118 289159 239792 177976 120497 65983 39408 643107 
3597394 1016199 955769 1082631 1277265 367314 241715 190748 144694 109331 73866 44779 898295 
9602790 121 3979 44743 4942 8704 15715 27798 66363 97769 24973 21639 80465 
9610868 8 1429 43761 3841 8125 14921 27776 66345 97880 24530 21245 79272 
9607016 19 1663 44246 3976 8651 15360 28012 67667 97562 24455 21562 79812 
9610859 14 1490 43761 4032 8291 15023 27442 65900 98026 24549 21292 79322 
9609465 18 1455 43923 3911 8382 14704 28045 67203 97613 24546 21273 79463 
9607805 18 1565 44174 3996 8769 15718 27813 66467 97898 24735 21600 79443 
9610130 13 1463 43849 4081 8512 14733 27541 66506 98192 24392 21124 79464 
9607984 17 1680 44165 3991 8560 15712 27730 66796 97359 24739 21424 79844 
9609809 18 1451 43908 4077 8301 15112 27677 66323 97947 24638 21303 79436 
9606830 16 1675 44325 4212 8664 15776 28027 67115 97372 24803 21106 80079 
9599960 16 1854 45326 4700 9382 16762 29421 67583 96889 25447 21610 81051 
4425071 1067107 1885343 235630 189956 296536 294985 249059 258787 491517 265201 162881 177931 
2762228 1366984 2351103 426719 419348 636010 349059 298900 276855 493648 271514 163571 184064 
2967304 847226 1767855 943322 1458257 1292940 162243 166525 122684 76961 44195 29455 121036 
4163815 501313 715449 1560238 1939155 778925 43664 79983 66690 61896 39353 14665 34857 
3286553 682620 1663937 922302 1018883 1243268 70248 131286 111519 109838 82007 58605 618934 
3445005 870405 1366385 516766 1307936 316137 246622 204552 153397 108232 69437 64196 1330933 
3397047 1064985 1072888 913664 1471326 404278 264193 217985 162633 120589 78316 44552 787547 
8559747 167816 120050 348256 140766 54028 45706 42405 69098 95363 30210 25723 300833 
9612430 0 1139 43565 3709 8040 14738 27158 66812 97823 24470 20894 79222 
9608715 1 1469 44073 3914 8418 15464 27921 66906 97404 24733 21283 79699 
9611197 0 1195 43734 3760 8362 14959 27286 66529 98291 24330 21070 79288 
9610853 0 1312 43739 3956 8099 15055 27564 66449 98313 24301 21172 79187 
9609488 0 1439 43947 4043 8879 15224 27441 66040 98388 24533 21236 79342 
9614532 0 1239 43176 3609 7674 14567 27100 65576 98850 24118 20931 78628 
9605032 0 1467 44649 4133 8776 16065 28282 68052 97240 24519 21459 80326 
9611497 0 1326 43644 4217 8328 15006 26863 66308 98121 24608 20979 79104 
9605814 1 1438 44469 4038 8636 16018 28359 67739 97047 24874 21426 80142 
9605307 1 1481 44515 4476 9031 16109 28196 67000 97540 25007 21257 80080 
6285873 681966 1205498 168185 125505 195066 195345 170412 188828 345145 179031 114264 144946 
2866705 1386922 2451245 292195 245788 385458 378926 316361 316231 616219 338176 204122 201668 
2293798 1173383 2180372 642041 1019022 1649748 237936 238184 172533 125821 71562 46187 149415 
4617035 283130 657420 1730671 2244020 306959 17632 30847 26860 25221 15879 6863 37463 
3302307 915828 828529 1236801 1370086 1664228 92865 170924 142282 132467 84467 29366 29856 
3336420 598730 2130751 362086 900761 251880 171355 148104 115193 88673 74080 90208 1731762 
3535277 1065338 1103430 757952 1528628 401749 269987 227284 172198 123520 76270 42793 695576 
6671719 484545 410773 680828 528661 168353 117166 93744 94499 95949 47425 33769 572570 
9609643 12 1436 43903 3978 8082 15130 27817 67136 97661 24417 21460 79325 
9605947 12 1627 44416 3784 8504 15601 28514 68418 96810 24509 21616 80242 
9607392 18 1567 44237 4116 8487 15395 28004 67636 97005 24749 21701 79694 
9601603 21 1709 45086 4215 9058 16148 29252 68776 96530 25128 21638 80837 
9603240 14 1648 44867 4296 9135 16560 28852 67255 97024 25120 21539 80451 
9612659 16 1378 43456 3672 8203 14533 27228 66333 98197 24143 21206 78977 
9599677 17 1819 45403 4419 9181 16585 29348 69220 96399 25050 21876 81006 
9605065 18 1660 44592 4234 9299 15274 28171 68103 96767 25184 21549 80084 
9599754 19 1693 45376 4390 9138 16688 29837 68684 96018 25464 21899 81041 
9599870 11 1789 45321 4653 9587 16868 29290 68377 96215 25328 21839 80852 
6735683 591894 1034916 157328 112880 173112 172102 150640 171502 308105 154849 99726 137263 
2865927 1391906 2451944 294906 246488 388493 378528 312830 315275 612072 334844 204165 202638 
2342649 1188415 2199259 622408 959323 1556650 246757 242338 181357 160112 90584 57289 152861 
4542096 296911 747201 1687928 2215925 327728 26874 36444 28702 23331 14524 7584 44761 
3303405 916029 829029 1237553 1376889 1656229 92806 169235 141913 133218 84307 29386 30001 
3315954 589828 2111478 402820 886096 331777 158815 141865 113710 89184 75566 89811 1693097 
3551420 1064144 1106748 739678 1537425 399803 271716 228954 172436 123706 74787 42124 687063 
6285613 552016 480690 741859 619067 193647 133716 106573 102765 101394 51779 35990 594891 
9608344 13 1639 44065 4014 8230 15148 28341 66879 97549 24725 21353 79701 
9607206 12 1676 44287 3828 8556 15128 28387 67829 96910 24725 21458 80003 
9606691 17 1521 44343 3964 8961 15454 28181 67289 97210 24993 21545 79831 
9605288 20 1639 44535 4280 8708 15568 28321 67547 97397 24857 21474 80366 
9602531 14 1695 44922 4338 9199 16500 29108 67503 96888 25072 21653 80578 
9611582 16 1363 43617 3659 8300 14699 27644 65690 99089 24145 21115 79081 
9601506 17 1674 45188 4397 9289 16305 28814 68672 96517 24997 21612 81013 
9604856 18 1630 44631 4182 9086 15713 28319 68379 96769 24728 21565 80125 
9602677 19 1593 44962 4214 9059 16204 29325 68214 96137 25309 21703 80584 
9600442 11 1787 45264 4539 9281 16611 29436 68368 96365 25314 21748 80834 
7042789 523543 939827 133971 92892 151327 153235 138229 163285 289187 144094 94512 133112 
2850015 1399310 2437796 308370 257442 393532 381405 316217 315160 602650 334789 204719 198599 
2373617 1198913 2211435 607348 921035 1494672 252457 246260 187946 182709 102770 66325 154519 
4495343 305237 807238 1660577 2203605 332555 32859 39144 29883 21824 13523 7716 50504 
3302985 916957 828827 1237415 1374365 1657345 92175 170396 142390 133735 84048 29318 30046 
3297752 583179 2098345 430247 878570 386944 151295 137875 111991 90033 75597 89645 1668530 
3570627 1061135 1111334 724573 1542531 398197 272472 230161 172744 123318 73896 42415 676599 
6031719 593671 521869 778952 676929 209568 143829 112367 104489 100904 53220 36431 636053 
9610592 13 1559 43794 3778 8436 14799 27650 66692 97416 24693 21404 79174 
9609913 11 1538 43878 3848 8194 15143 27780 66836 97754 24584 21164 79358 
9609332 16 1582 43936 4009 8406 15167 27666 66586 98262 24288 21370 79380 
9609498 21 1556 43893 4032 8484 15072 27361 67067 97616 24629 21258 79513 
9605999 12 1492 44447 4135 8765 16005 28205 67477 97102 24869 21405 80087 
9611161 17 1437 43701 3790 8562 15031 27364 65688 98374 24400 21323 79152 
9608403 19 1605 44138 4108 8553 15337 27609 66667 97862 24544 21260 79895 
9607013 13 1626 44332 4136 8667 15661 28067 67265 97222 24670 21252 80077 
9606166 21 1604 44426 4066 8568 15783 28371 67228 97628 24457 21569 80114 
9607295 12 1666 44208 4368 8426 15524 27793 67211 97583 24660 21287 79967 
8286210 266423 491941 85079 47474 79278 85774 85106 116524 198658 88875 60356 108331 
2834916 1407170 2426938 321580 261775 394939 385942 316474 312794 602473 330800 202334 201879 
2504973 1241759 2265254 539106 762746 1230586 278932 261002 216043 281626 155926 96686 165367 
4127518 423668 1084680 1479459 2040309 526604 66520 67441 49840 30768 18079 12509 72615 
3469994 836089 806228 1299693 1477921 1493401 83290 154293 127353 118518 75782 26435 31007 
3231080 559043 2040360 548793 840139 619247 113075 124716 104190 91819 79327 87498 1560715 
3610513 1058103 1122958 676607 1561297 394364 280083 234848 174386 121885 70785 41221 652950 
4880043 792900 726790 930398 958368 284613 189190 148783 123353 106532 63089 40566 755375 
9609279 17 1685 43945 4033 8126 15268 27679 66569 97869 24529 21400 79602 
9612540 9 1455 43499 3716 7991 14632 27378 66159 97838 24560 21012 79211 
9607366 17 1622 44223 3976 8773 15471 27900 67039 97624 24874 21187 79929 
9612490 17 1511 43451 3926 8090 14626 27065 65706 98611 24332 21110 79065 
9609691 17 1484 43894 3792 8437 15320 27790 66761 97650 24485 21235 79444 
9612286 13 1474 43494 3698 8469 14799 27055 65982 98418 24052 21436 78824 
9610841 20 1597 43668 3980 8156 15091 27255 66025 98489 24515 21179 79186 
9606528 12 1595 44371 4179 8796 15835 27904 67409 97754 24386 21169 80062 
9609414 20 1606 43894 4105 8393 15157 27660 66771 97537 24563 21421 79460 
9606836 16 1486 44330 4064 8589 15916 28111 67301 97271 24978 21243 79860 
9595749 19 1957 45978 5201 9989 17237 29992 68806 95981 25814 21742 81535 
3111292 1340373 2360727 286235 238896 372453 365234 303106 305122 591177 327353 200503 197536 
2639312 1312603 2307986 482427 577633 910165 318287 282197 248899 395011 219890 132222 173376 
3497549 653898 1455573 1188261 1724283 942370 118866 120931 89902 56121 32491 22250 97511 
3847559 653003 757109 1441468 1733798 1101355 61621 112303 94524 88516 55787 19994 32964 
3152535 529050 1953438 696099 787445 926376 61634 107039 94416 95546 84999 85780 1425643 
3637845 1051771 1131893 636183 1577153 386419 288952 242065 178187 120001 65994 39471 644066 
3500724 1032316 977916 1092732 1308056 375119 246406 194769 148708 113605 75387 45540 888723 
9612646 0 1257 43480 3768 7853 14918 27015 66649 97831 24567 21152 78864 
9611708 0 1185 43652 3626 8216 14876 27194 66618 98217 24333 21214 79161 
9607475 0 1458 44269 3790 8399 15511 28036 68116 97023 24385 21766 79773 
9609407 1 1318 43997 3934 8422 15407 27546 67044 97337 24805 21254 79529 
9608257 0 1310 44104 3992 8235 15386 28324 67029 97740 24630 21314 79680 
9608918 0 1294 44058 4029 8763 15668 27943 65815 98238 24544 21202 79528 
9609796 0 1366 43853 3920 8567 14965 27517 67017 97782 24682 21230 79306 
9603727 0 1485 44879 4270 8712 15972 28949 68495 96788 24468 21724 80532 
9609321 0 1275 43973 4037 8420 15412 27355 67076 97578 24586 21517 79451 
9604689 0 1469 44686 4282 9070 16070 28545 67627 96830 25189 21151 80393 
9596727 2 1733 45840 4629 9959 17496 30439 68165 96171 25701 22033 81105 
4318846 1092438 1905833 251449 203601 310242 303296 252564 259102 488613 267577 166060 180390 
2771059 1355228 2360181 417215 420104 649487 343326 296850 275434 487841 271567 165661 186047 
2998607 835313 1749564 958586 1473071 1272730 159785 163932 120759 74656 43173 29098 120737 
4147886 509315 718179 1554608 1933168 789833 44299 80645 68261 63832 40471 14796 34708 
3278347 674407 1680521 910011 1008852 1224376 70074 128085 110914 108909 83564 60252 661702 
3456304 876968 1366800 522848 1321786 321155 249425 208330 156725 109229 70676 61656 1278101 
3378110 1084465 1069422 921310 1461448 402358 262487 216665 164685 121512 81040 45711 790787 
8565293 162467 117349 342872 140049 55090 46811 44953 70093 92960 30617 25938 305508 
9608339 12 1469 44084 3979 8004 15401 28254 67644 97153 24588 21419 79654 
9600845 13 1853 45140 4232 9083 16236 29333 69308 96067 25044 21847 81000 
9606702 20 1467 44348 4060 8882 15688 27894 67183 97498 24708 21658 79893 
9604946 14 1601 44542 4298 8904 15516 28663 67915 97039 25022 21386 80155 
9602897 21 1672 44895 4349 9406 16683 28481 66661 97748 25222 21500 80466 
9606000 13 1474 44407 3840 8811 15567 28569 67834 97474 24436 21371 80205 
9598329 17 1826 45636 4516 9346 16903 29583 69514 96099 25082 21769 81380 
9603694 20 1624 44754 4242 9038 15933 28395 68881 96386 25098 21663 80273 
9597105 16 1771 45804 4698 9590 17283 29831 68775 96217 25508 22026 81376 
9592550 18 2056 46403 5155 10342 17970 30682 69262 95756 25854 21988 81965 
4283650 1102567 1918564 256376 206083 311518 304770 253533 262076 491132 266488 163717 179553 
2766197 1355582 2359572 422198 426031 659154 343035 294642 275735 485145 269145 162079 181487 
3023364 825628 1734689 972171 1483473 1258568 159554 160970 118854 73226 42921 29330 117253 
4128639 517925 719974 1547063 1913730 816770 45254 84848 70000 64601 41594 15075 34535 
3270544 664285 1699105 897032 1000846 1197611 68854 124643 109661 108895 83774 62173 712584 
3471572 887161 1353206 528854 1340090 325014 252875 210067 158309 109916 69593 60362 1232981 
3363842 1085916 1067623 936302 1453509 401587 263216 215089 162805 121311 79207 45471 804122 
8650424 148985 107090 323473 125502 50689 43635 42189 68651 92247 30535 25678 290903 
9610842 12 1464 43735 3843 8271 14990 27444 66822 97667 24455 21330 79125 
9605215 13 1744 44487 4320 8783 15643 28562 67557 97181 24790 21475 80230 
9611892 19 1467 43578 3760 8297 14613 27179 66339 98145 24283 21096 79332 
9608369 14 1524 44018 4079 8457 15293 28187 66896 97623 24608 21408 79524 
9605860 19 1584 44463 4222 9043 16146 28121 66588 97524 24882 21513 80036 
9609514 14 1455 43975 3807 8193 15070 28379 66408 97883 24347 21372 79584 
