63423 2799 1223 1811 10061 2309 125 229 5885 186 138 55 4 3 1 10755 
32401 9185 8319 12150 13564 16603 986 1654 1428 1296 844 275 30 11 13 251 
34034 6223 19420 5855 8146 2162 1472 1279 1013 908 719 908 1348 2046 2894 10569 
36962 11160 8662 12039 13026 1926 2247 2052 1671 1240 761 405 260 281 571 5719 
64442 5608 3174 8890 5044 1053 1111 965 909 1016 497 358 279 230 445 5031 
95014 0 12 417 48 78 158 398 659 1004 233 224 179 103 63 420 
94905 0 14 433 34 84 171 402 695 1048 237 179 173 102 52 479 
94950 1 16 432 54 89 149 389 683 976 246 216 161 105 43 498 
94877 1 13 464 47 77 145 412 717 969 259 185 180 107 54 509 
95042 0 18 456 35 87 162 420 650 942 234 197 158 96 56 451 
95054 0 17 464 35 80 139 367 665 964 242 199 156 108 45 478 
95019 1 22 433 50 86 143 390 623 971 262 221 178 103 44 466 
95081 0 12 383 36 87 151 385 637 1002 227 217 156 115 25 474 
94798 0 10 473 39 99 175 395 679 1036 270 208 163 122 41 521 
94925 0 17 459 49 86 173 378 662 962 258 237 147 117 53 479 
71486 4713 8751 1179 835 1410 1339 1281 1538 2753 1492 946 495 220 57 489 
28197 14099 23951 3170 2631 3786 3853 3076 3105 6071 3215 1900 949 423 149 466 
24083 11806 21686 5862 8997 14344 2514 2460 1867 1993 1086 721 533 430 239 395 
44210 3017 8288 16288 21881 3324 348 408 310 214 130 84 61 57 61 329 
32795 9097 8207 12149 13767 16260 903 1684 1414 1292 812 301 45 12 15 254 
33565 6152 19540 6149 7748 3448 1306 1227 1027 876 769 950 1360 2058 2750 10083 
37390 11063 8513 11804 13260 2041 2299 1991 1623 1222 750 433 261 248 563 5504 
59102 6434 4002 10221 6140 1302 1321 1104 1036 987 516 361 289 241 500 5497 
95000 0 10 434 35 81 141 391 695 991 246 217 151 88 44 486 
94909 0 17 466 37 98 141 406 704 937 276 237 167 112 50 458 
94934 0 13 460 24 83 140 392 653 1046 261 203 143 93 50 517 
94902 0 19 466 51 77 176 374 707 974 241 209 147 109 53 482 
94946 0 21 432 45 98 163 421 666 966 257 212 151 91 51 502 
95046 0 17 443 39 91 142 391 698 912 229 208 146 121 47 486 
94983 0 14 438 43 92 153 436 693 973 229 214 155 88 48 441 
94988 0 13 466 37 85 151 423 671 907 264 221 138 112 51 496 
94942 0 13 449 38 99 162 407 683 914 271 237 175 86 50 485 
94899 0 25 441 57 81 172 397 710 968 262 211 165 98 50 471 
73212 4460 8112 1083 777 1261 1319 1285 1514 2607 1314 849 433 240 91 418 
28209 14158 23968 3146 2569 3854 3804 3037 3127 5992 3200 2015 917 444 172 421 
24289 11609 21961 5673 8714 13995 2643 2498 2031 2094 1169 741 555 387 255 407 
43922 3041 8707 15996 21859 3340 395 428 307 214 116 83 87 66 58 391 
32911 9103 8141 12428 13368 16245 918 1723 1432 1319 813 287 35 7 15 266 
33467 5966 19482 6139 7802 3762 1247 1199 1071 963 803 873 1368 2015 2813 10035 
37251 11083 8491 11836 13315 1897 2348 1998 1664 1210 712 410 332 256 572 5604 
57583 6753 4176 10557 6311 1375 1376 1240 999 1016 546 399 268 237 515 5695 
95058 0 21 425 51 80 140 359 611 1004 279 185 156 120 46 466 
95067 0 15 427 45 75 145 390 643 974 234 179 191 93 45 490 
94966 1 14 414 46 85 143 437 672 935 255 215 168 125 57 478 
95058 0 9 433 46 83 154 380 665 940 250 210 175 96 44 461 
95031 0 17 432 49 75 151 372 643 992 259 206 174 105 45 471 
95159 0 10 450 45 79 120 345 665 906 235 206 163 113 43 467 
94968 0 16 408 39 89 174 399 639 1025 258 214 160 103 55 463 
95031 1 15 438 34 89 156 406 675 944 244 180 153 103 42 495 
95007 0 7 429 38 78 158 365 658 1031 239 217 164 103 50 457 
94955 0 22 462 39 73 159 390 674 960 239 212 161 112 50 511 
84943 2063 3666 797 391 641 725 850 1086 1711 729 463 271 152 56 420 
28553 13892 23943 2949 2415 3887 3782 3111 3089 5963 3305 2097 1007 467 147 454 
24968 12518 22034 5197 7439 11740 2862 2717 2197 3059 1650 1024 569 392 231 413 
39849 4510 11225 14053 19829 6037 764 741 517 336 216 126 162 156 106 385 
35078 7822 7847 13133 15235 14018 823 1400 1188 1156 718 264 25 8 11 282 
32298 5756 19591 6468 7900 6225 972 1079 1018 928 771 863 1275 1988 2611 9265 
38005 11119 8569 11250 13328 2024 2311 2036 1698 1185 697 433 307 236 540 5238 
47172 8804 5672 12593 8859 1690 1735 1386 1157 1087 635 450 323 266 635 6583 
94997 0 14 460 41 82 160 368 629 962 254 214 157 112 45 511 
95152 0 18 424 33 74 149 375 638 959 212 201 164 105 47 460 
95040 0 21 463 35 96 153 380 665 935 231 218 158 115 42 453 
95054 0 17 440 39 74 144 360 694 989 225 203 168 103 42 459 
94981 0 12 436 43 73 157 412 675 982 258 201 182 99 53 442 
