1657 9684349 191 225 197 162 170 165 87 102 37 44 312615 
263 9686999 44 37 42 29 27 29 10 4 1 0 312515 
0 9687500 0 0 0 0 0 0 0 0 0 0 312500 
265 9686996 52 36 47 30 23 24 11 5 1 0 312511 
0 9687500 0 0 0 0 0 0 0 0 0 0 312500 
358 9686817 74 54 60 46 30 31 5 12 4 0 312510 
545 9686460 121 88 92 71 39 46 7 8 16 1 312507 
0 9687500 0 0 0 0 0 0 0 0 0 0 312500 
933 9685728 214 159 154 95 74 76 22 9 17 17 312503 
0 9687500 0 0 0 0 0 0 0 0 0 0 312500 
1766 9684153 411 306 293 175 142 142 29 19 12 31 312521 
3248 9681317 783 587 546 328 261 264 16 30 19 27 312574 
0 9687500 0 0 0 0 0 0 0 0 0 0 312500 
6209 9675679 1530 1142 1051 629 494 516 0 13 33 37 312668 
0 9687500 0 0 0 0 0 0 0 0 0 0 312500 
12204 9664249 3035 2261 2074 1237 975 1026 0 0 17 43 312879 
24196 9641384 6044 4501 4124 2449 1933 2049 1 0 0 20 313299 
0 9687500 0 0 0 0 0 0 0 0 0 0 312500 
48180 9595658 12060 8981 8220 4881 3852 4088 3 0 0 1 314076 
0 9687500 0 0 0 0 0 0 0 0 0 0 312500 
96147 9504208 24092 17941 16412 9745 7692 8167 1 3 0 1 315592 
191793 9321648 48164 35863 32805 19476 15377 16335 4 0 0 1 318534 
0 9687500 0 0 0 0 0 0 0 0 0 0 312500 
383281 8956335 96292 71703 65573 38932 30737 32655 4 0 0 1 324487 
0 9687500 0 0 0 0 0 0 0 0 0 0 312500 
813900 8156324 192550 143388 138793 77883 61488 65234 7655 13 0 1 342772 
0 9687500 0 0 0 0 0 0 0 0 0 0 312500 
1535221 6760599 385052 286740 262176 155694 122924 130509 0 0 0 0 361085 
0 9687500 0 0 0 0 0 0 0 0 0 0 312500 
3070197 3834136 770076 573460 524320 311342 245804 261069 0 0 0 0 409596 
0 9687500 0 0 0 0 0 0 0 0 0 0 312500 
1733506 6070414 451547 556592 458282 61815 48801 51851 1 0 0 0 567191 
4394331 1614220 1088572 590309 590314 560794 442729 470397 0 0 0 0 248335 
0 9687500 0 0 0 0 0 0 0 0 0 0 312500 
1157401 6708620 483731 576472 379864 0 0 0 0 0 0 0 693915 
4724100 1045154 902273 881646 881640 451321 356306 378576 1 0 0 0 378983 
4545458 1428571 909090 649351 649351 616883 487013 517450 0 0 0 0 196836 
1828492 6187312 785121 186312 186317 176997 139731 148462 0 0 0 0 361257 
0 9687500 0 0 0 0 0 0 0 0 0 0 312500 
3061066 1705490 1228658 1600706 1207490 0 0 0 0 0 0 0 1196592 
5073788 983546 817731 761518 859560 410260 323890 344133 1 0 0 0 425573 
4545452 1428574 909091 649351 649351 616883 487013 517451 0 0 0 0 196834 
4545458 1428570 909092 649351 649351 616884 487013 517450 0 0 0 0 196835 
4537001 1434655 898102 657441 648143 615736 479109 530420 0 0 0 0 199393 
2747918 4312431 1362021 269174 242765 230622 162185 233018 0 0 0 0 439867 
0 9687500 0 0 0 0 0 0 0 0 0 0 312500 
2114860 4640445 1042223 781667 0 0 0 0 0 0 0 0 1420806 
3315515 343665 1161260 1624977 2607584 0 0 0 0 0 0 0 946999 
5264866 348435 760797 1017511 1447188 220882 41726 60243 1 0 0 0 838351 
4482000 1473967 826598 710088 640285 608272 427675 614804 0 0 0 0 216314 
4482048 1473928 826659 710043 640292 608278 427720 614733 0 0 0 0 216301 
4482047 1474210 826660 710042 640293 608278 427719 614733 0 0 0 0 216025 
4482048 1473928 826659 710043 640292 608277 427720 614733 0 0 0 0 216302 
4482041 1474206 826651 710047 640292 608277 427713 614742 0 0 0 0 216031 
4481995 1473976 826592 710092 640285 608271 427671 614811 0 0 0 0 216309 
4481995 1473970 826592 710092 640285 608270 427671 614812 0 0 0 0 216316 
4471718 1481487 849179 648037 674761 606876 445079 603426 0 0 0 0 219437 
4955221 1704652 2179347 60527 59471 56492 43791 48949 0 0 0 0 891551 
8566548 10 7 4 8 3 0 0 0 0 0 0 1433420 
8015845 15 8 10 11 2 1 0 0 0 0 0 1984108 
8749971 8 4 5 5 0 0 0 0 0 0 0 1250008 
8225665 10 8 6 9 2 0 0 0 0 0 0 1774300 
8049456 14 11 8 11 2 0 0 0 0 0 0 1950498 
8139700 13 10 9 12 3 0 0 0 0 0 0 1860253 
8433097 11 8 7 7 1 0 0 0 0 0 0 1566869 
8024260 10 8 6 9 2 0 0 0 0 0 0 1975705 
8481783 10 7 8 8 2 0 0 0 0 0 0 1518182 
8091015 14 11 8 11 2 0 0 0 0 0 0 1908939 
8098141 13 10 8 13 3 0 0 0 0 0 0 1901812 
8474657 11 8 5 9 1 0 0 0 0 0 0 1525309 
8024260 10 8 5 10 2 0 0 0 0 0 0 1975705 
8440225 10 7 7 9 2 0 0 0 0 0 0 1559741 
8132575 14 11 6 13 2 0 0 0 0 0 0 1867379 
8056582 13 10 8 13 3 0 0 0 0 0 0 1943372 
8225666 10 8 5 10 2 0 0 0 0 0 0 1774299 
8749971 8 4 5 5 0 0 0 0 0 0 0 1250008 
8113391 17 14 6 12 2 1 0 0 0 0 0 1886557 
7499956 20 18 5 14 0 0 0 0 0 0 0 2499987 
8539333 8 4 4 6 2 0 0 0 0 0 0 1460644 
7509179 20 20 5 16 0 0 0 0 0 0 0 2490760 
8024254 16 12 6 11 3 0 0 0 0 0 0 1975698 
8024254 16 12 6 12 2 0 0 0 0 0 0 1975698 
7506570 20 18 5 14 0 0 0 0 0 0 0 2493373 
8279794 12 8 5 8 3 0 0 0 0 0 0 1720170 
7499955 20 16 9 14 6 0 0 0 0 0 0 2499980 
8024264 12 8 5 9 2 0 0 0 0 0 0 1975700 
7499952 20 20 5 15 0 0 0 0 0 0 0 2499988 
8024258 16 10 6 10 4 0 0 0 0 0 0 1975696 
8024250 16 14 6 13 1 0 0 0 0 0 0 1975700 
7499966 16 14 4 11 0 0 0 0 0 0 0 2499989 
8024256 18 9 8 12 3 2 0 0 0 0 0 1975692 
8024255 16 10 6 13 2 0 0 0 0 0 0 1975698 
7499953 20 20 5 15 0 0 0 0 0 0 0 2499987 
8024263 12 8 5 9 2 0 0 0 0 0 0 1975701 
8024258 16 10 6 11 2 0 0 0 0 0 0 1975697 
7499951 20 20 5 16 0 0 0 0 0 0 0 2499988 
8024254 16 12 6 12 2 0 0 0 0 0 0 1975698 
7499961 20 14 7 14 2 0 0 0 0 0 0 2499982 
8024264 12 8 5 9 2 0 0 0 0 0 0 1975700 
7499951 20 20 5 16 0 0 0 0 0 0 0 2499988 
8263112 12 8 5 8 2 0 0 0 0 0 0 1736853 
7523250 20 18 7 16 2 0 0 0 0 0 0 2476687 
7499955 20 18 7 15 3 0 0 0 0 0 0 2499982 
7499954 20 18 7 15 1 0 0 0 0 0 0 2499985 
5733644 428212 428213 214103 856412 802876 1 0 0 0 0 0 1536540 
3157896 1052632 1052632 526316 2105263 1973683 0 0 0 0 0 0 131579 
3157895 1052632 1052631 526316 2105263 1973685 0 0 0 0 0 0 131579 
3157896 1052631 1052632 526316 2105264 1973683 0 0 0 0 0 0 131579 
5518872 608216 608213 304104 1216419 1140391 4 0 0 0 0 0 603781 
8749968 9 6 2 7 0 0 0 0 0 0 0 1250008 
8749971 8 6 2 6 0 0 0 0 0 0 0 1250007 
8749959 12 8 3 8 0 0 0 0 0 0 0 1250010 
8749971 8 6 2 6 0 0 0 0 0 0 0 1250007 
8487811 12 10 3 9 0 0 0 0 0 0 0 1512155 
8749971 8 6 2 6 0 0 0 0 0 0 0 1250007 
