1
-4.16334e-17
2.42861e-17
-1.04083e-17
-8.67362e-18
6.93889e-18
-1.38778e-17
3.29597e-17
-6.07153e-17
4.85723e-17
-1.47451e-17
-3.1225e-17
4.59702e-17
-4.85723e-17
7.28584e-17
2.77556e-17
-3.72966e-17
2.60209e-17
-3.98986e-17
1.04083e-17
-1.73472e-17
4.42354e-17
-8.67362e-18
-3.46945e-18
-3.81639e-17
7.45931e-17
-4.68375e-17
-3.46945e-18
4.33681e-17
-8.1532e-17
7.28584e-17
-2.25514e-17
3.29597e-17
-8.32667e-17
5.9848e-17
-1.38778e-17
6.245e-17
-7.80626e-17
7.45931e-17
-5.55112e-17
-2.77556e-17
2.08167e-17
-2.60209e-18
-2.77556e-17
1.21431e-17
-7.80626e-18
-2.60209e-18
4.68375e-17
-1.73472e-17
2.1684e-17
3.46945e-18
-7.80626e-18
8.67362e-19
-5.20417e-18
2.94903e-17
1.73472e-17
-4.51028e-17
2.25514e-17
-1.04083e-17
0
-6.93889e-18
-8.67362e-18
-3.46945e-18
-4.51028e-17
2.51535e-17
-3.81639e-17
1.04083e-16
-3.46945e-17
-7.80626e-17
7.28584e-17
-6.59195e-17
7.97973e-17
-2.1684e-17
-1.56125e-17
6.93889e-18
-2.77556e-17
7.11237e-17
-8.93383e-17
0
3.98986e-17
-3.1225e-17
3.81639e-17
2.77556e-17
-3.81639e-17
3.46945e-18
-1.73472e-17
4.85723e-17
0
-7.02563e-17
0
7.28584e-17
-3.81639e-17
0
1.38778e-17
5.20417e-18
2.08167e-17
-3.1225e-17
5.55112e-17
-3.90313e-17
-1.56125e-17
3.64292e-17
-9.54098e-18
0
-2.77556e-17
-3.98986e-17
0
6.93889e-18
5.55112e-17
-1.38778e-17
-1.73472e-17
1.56125e-17
6.93889e-18
-2.08167e-17
-4.85723e-17
6.245e-17
1.04083e-17
2.77556e-17
-6.93889e-17
5.55112e-17
0
-2.77556e-17
0
1.38778e-17
-8.67362e-17
1.38778e-17
2.51535e-17
1.73472e-17
2.08167e-17
-2.77556e-17
2.08167e-17
-1.47451e-17
2.77556e-17
0
0
3.46945e-17
1.38778e-17
1.38778e-17
-1.38778e-17
-1.04083e-17
-4.16334e-17
4.33681e-17
-1.56125e-17
-4.68375e-17
6.41848e-17
-5.55112e-17
8.67362e-18
-2.60209e-18
7.80626e-17
-5.9848e-17
-1.73472e-18
-3.46945e-18
5.89806e-17
-9.71445e-17
3.1225e-17
4.59702e-17
-3.98986e-17
3.98986e-17
-7.97973e-17
1.07553e-16
-2.42861e-17
-5.55112e-17
2.77556e-17
2.08167e-17
3.46945e-17
-6.93889e-17
6.41848e-17
-8.32667e-17
6.245e-17
-5.55112e-17
5.89806e-17
-5.20417e-17
1.73472e-17
-3.46945e-17
6.93889e-18
2.08167e-17
5.0307e-17
6.93889e-18
-9.36751e-17
6.93889e-17
-2.77556e-17
2.77556e-17
-8.32667e-17
1.38778e-17
1.38778e-17
4.85723e-17
3.46945e-18
-6.93889e-17
3.46945e-17
4.16334e-17
-6.245e-17
2.77556e-17
5.37764e-17
2.42861e-17
-3.81639e-17
6.93889e-18
-5.0307e-17
-6.93889e-18
2.77556e-17
-5.55112e-17
8.67362e-17
1.38778e-17
-2.77556e-17
0
0
-3.81639e-17
0
0
4.85723e-17
-2.77556e-17
4.16334e-17
-3.81639e-17
6.59195e-17
-2.08167e-17
-2.77556e-17
4.85723e-17
-6.245e-17
5.89806e-17
-9.36751e-17
2.08167e-17
2.60209e-17
3.46945e-17
-5.55112e-17
6.93889e-18
-3.46945e-17
8.32667e-17
-2.77556e-17
-4.85723e-17
9.71445e-17
-3.1225e-17
-3.64292e-17
-1.73472e-18
3.46945e-17
1.38778e-17
0
-8.32667e-17
1.04083e-16
-7.63278e-17
-6.93889e-18
1.11022e-16
-6.93889e-17
1.38778e-17
6.93889e-18
-2.42861e-17
2.47198e-17
4.11997e-17
-9.02056e-17
5.29091e-17
-1.30104e-17
-4.68375e-17
2.08167e-17
4.51028e-17
-1.56125e-17
1.73472e-18
-4.0766e-17
5.11743e-17
-3.29597e-17
-3.46945e-18
2.94903e-17
-1.04083e-17
-8.67362e-19
2.08167e-17
-2.60209e-17
-7.80626e-18
4.33681e-18
4.51028e-17
-4.94396e-17
1.47451e-17
1.30104e-17
-1.30104e-17
-2.77556e-17
-3.81639e-17
1.01481e-16
1.73472e-18
-3.72966e-17
5.11743e-17
-4.16334e-17
-7.63278e-17
7.97973e-17
-5.29091e-17
5.55112e-17
1.47451e-17
-4.94396e-17
1.38778e-17
5.20417e-17
-3.46945e-17
-4.33681e-17
-1.64799e-17
3.20924e-17
5.37764e-17
-6.76542e-17
1.21431e-17
-6.07153e-18
-4.33681e-18
1.38778e-17
2.94903e-17
6.93889e-18
-2.60209e-18
-6.93889e-18
9.54098e-18
-2.34188e-17
-2.08167e-17
2.42861e-17
2.77556e-17
-1.38778e-17
-5.63785e-17
4.25007e-17
-1.12757e-17
-3.29597e-17
4.33681e-17
-1.99493e-17
1.56125e-17
-3.98986e-17
6.07153e-18
4.0766e-17
6.07153e-18
3.29597e-17
-1.9082e-17
-2.42861e-17
-5.55112e-17
1.73472e-17
1.64799e-17
1.9082e-17
0
-2.25514e-17
1.47451e-17
-2.86229e-17
2.25514e-17
-1.9082e-17
4.16334e-17
-3.98986e-17
-1.38778e-17
6.33174e-17
1.38778e-17
-4.68375e-17
2.60209e-18
3.46945e-18
-3.81639e-17
8.84709e-17
-3.46945e-18
-3.1225e-17
-5.20417e-17
3.29597e-17
4.16334e-17
-1.64799e-17
-2.94903e-17
5.20417e-18
8.32667e-17
-6.93889e-17
1.04083e-17
-4.51028e-17
1.04083e-17
6.33174e-17
-2.94903e-17
4.85723e-17
-7.45931e-17
-6.93889e-18
4.16334e-17
-1.73472e-17
-6.93889e-18
2.77556e-17
7.80626e-18
-5.29091e-17
2.38524e-17
1.86483e-17
2.77556e-17
-2.08167e-17
1.38778e-17
1.9082e-17
-4.16334e-17
-4.16334e-17
3.64292e-17
5.37764e-17
-4.33681e-17
2.51535e-17
-3.64292e-17
8.41341e-17
-6.07153e-17
5.20417e-18
-3.46945e-18
-6.93889e-17
7.80626e-17
3.46945e-17
-4.16334e-17
1.38778e-17
-4.16334e-17
-4.16334e-17
1.00614e-16
1.21431e-17
-6.07153e-17
8.32667e-17
-1.11022e-16
1.56125e-17
-5.89806e-17
4.68375e-17
6.59195e-17
4.16334e-17
-1.07553e-16
2.51535e-17
1.56125e-17
2.77556e-17
-9.62772e-17
4.51028e-17
2.34188e-17
3.1225e-17
1.73472e-18
-1.05818e-16
3.1225e-17
2.60209e-17
-3.81639e-17
6.07153e-17
-1.73472e-17
1.21431e-17
-1.38778e-17
6.93889e-18
-5.55112e-17
9.02056e-17
0
-5.55112e-17
5.29091e-17
-3.46945e-17
5.0307e-17
-3.46945e-17
-7.45931e-17
9.45424e-17
-8.67362e-18
-3.81639e-17
6.93889e-18
-1.73472e-17
1.38778e-17
2.08167e-17
1.04083e-17
1.38778e-17
-2.77556e-17
-5.55112e-17
3.81639e-17
4.51028e-17
-9.54098e-18
-3.72966e-17
3.64292e-17
-3.46945e-17
-1.04083e-17
-1.56125e-17
6.59195e-17
-3.1225e-17
-2.08167e-17
6.245e-17
-4.42354e-17
6.85216e-17
-6.76542e-17
-3.90313e-17
3.81639e-17
-6.07153e-18
5.81132e-17
0
-2.08167e-17
-8.32667e-17
3.46945e-17
2.34188e-17
2.25514e-17
-5.29091e-17
1.9082e-17
3.98986e-17
1.82146e-17
-3.64292e-17
-3.1225e-17
6.67869e-17
-5.9848e-17
1.38778e-17
1.56125e-17
-1.9082e-17
1.73472e-17
-4.33681e-18
4.16334e-17
-3.81639e-17
1.04083e-17
-5.0307e-17
4.16334e-17
-1.73472e-18
-1.73472e-17
1.21431e-17
-1.73472e-18
9.54098e-18
1.99493e-17
-3.46945e-17
-2.42861e-17
3.98986e-17
-1.04083e-17
-2.25514e-17
5.0307e-17
-7.11237e-17
1.38778e-17
2.94903e-17
2.60209e-17
-3.46945e-17
3.64292e-17
-4.59702e-17
4.85723e-17
-2.25514e-17
-5.20417e-18
-5.55112e-17
5.89806e-17
-1.73472e-17
1.77809e-17
6.50521e-18
-2.25514e-17
4.59702e-17
-5.46438e-17
3.64292e-17
-2.94903e-17
-3.46945e-17
2.25514e-17
5.55112e-17
-5.55112e-17
5.89806e-17
-5.20417e-17
3.64292e-17
-1.56125e-17
-8.67362e-18
-4.85723e-17
3.03577e-17
2.08167e-17
-1.82146e-17
-3.1225e-17
0
7.63278e-17
-5.94143e-17
8.1532e-17
-5.0307e-17
-2.34188e-17
2.60209e-18
1.56125e-17
3.46945e-17
-5.89806e-17
3.81639e-17
-1.73472e-17
3.46945e-18
1.04083e-17
-1.73472e-17
7.11237e-17
-4.51028e-17
-1.99493e-17
1.30104e-17
2.51535e-17
-4.16334e-17
2.94903e-17
-2.08167e-17
3.46945e-18
-3.46945e-18
-1.21431e-17
2.51535e-17
6.93889e-18
-1.56125e-17
-1.73472e-18
2.1684e-17
-1.82146e-17
-3.46945e-18
2.08167e-17
-4.0766e-17
8.67362e-18
-1.73472e-17
-5.20417e-18
5.0307e-17
-5.29091e-17
-2.34188e-17
7.45931e-17
-6.07153e-18
-1.21431e-17
2.1684e-17
1.47451e-17
-2.86229e-17
-6.93889e-18
1.56125e-17
-4.51028e-17
3.46945e-17
2.25514e-17
-1.9082e-17
-1.04083e-17
-1.38778e-17
-1.47451e-17
1.82146e-17
2.25514e-17
-3.29597e-17
6.59195e-17
-1.38778e-17
-2.77556e-17
1.56125e-17
1.73472e-18
-5.20417e-18
2.08167e-17
-9.02056e-17
4.16334e-17
3.1225e-17
1.73472e-18
0
-3.98986e-17
4.0766e-17
1.82146e-17
-6.245e-17
6.15827e-17
-6.33174e-17
1.38778e-17
3.55618e-17
-5.81132e-17
5.72459e-17
5.20417e-18
-3.20924e-17
4.25007e-17
-3.81639e-17
-1.56125e-17
0
3.1225e-17
-5.20417e-17
6.76542e-17
-4.16334e-17
2.1684e-17
8.67362e-19
-2.60209e-17
2.08167e-17
0
-2.42861e-17
-1.30104e-17
-3.46945e-18
2.42861e-17
8.67362e-18
-1.21431e-17
-6.07153e-17
5.20417e-17
6.76542e-17
-3.29597e-17
-3.46945e-18
-7.28584e-17
3.46945e-18
8.32667e-17
-4.77049e-17
3.46945e-18
-1.73472e-17
4.42354e-17
-1.30104e-17
3.46945e-17
-2.08167e-17
-1.73472e-17
1.38778e-17
2.77556e-17
-3.81639e-17
-3.1225e-17
6.07153e-17
-3.59955e-17
2.08167e-17
-2.08167e-17
5.89806e-17
-4.59702e-17
-4.33681e-18
2.60209e-17
-2.77556e-17
0
2.94903e-17
-8.67362e-18
-3.81639e-17
4.16334e-17
-5.89806e-17
9.19403e-17
-4.68375e-17
-3.46945e-18
-1.04083e-17
-6.93889e-18
5.72459e-17
-5.20417e-18
-4.68375e-17
2.94903e-17
-3.46945e-18
-7.97973e-17
7.63278e-17
-2.25514e-17
-1.38778e-17
5.37764e-17
-9.80119e-17
6.93889e-17
0
1.21431e-17
-2.77556e-17
-3.81639e-17
1.56125e-17
-3.64292e-17
8.67362e-18
8.67362e-18
2.60209e-18
-6.07153e-18
-3.46945e-18
2.47198e-17
8.67362e-18
8.67362e-19
8.67362e-19
-2.94903e-17
-1.04083e-17
2.42861e-17
1.04083e-17
1.73472e-18
-1.38778e-17
2.34188e-17
1.12757e-17
0
-2.77556e-17
-3.1225e-17
3.81639e-17
-4.85723e-17
6.245e-17
-5.81132e-17
3.72966e-17
-1.38778e-17
9.54098e-18
4.85723e-17
-1.03216e-16
3.64292e-17
1.56125e-17
1.38778e-17
-2.77556e-17
1.56125e-17
1.73472e-17
7.80626e-18
-2.86229e-17
2.08167e-17
-1.82146e-17
1.21431e-17
4.85723e-17
-7.11237e-17
3.81639e-17
-3.98986e-17
2.60209e-17
2.08167e-17
-2.25514e-17
3.55618e-17
-8.41341e-17
5.89806e-17
-7.80626e-18
1.38778e-17
-5.20417e-18
4.51028e-17
4.33681e-18
-5.46438e-17
-5.20417e-18
3.98986e-17
-4.59702e-17
3.98986e-17
-6.07153e-18
-6.93889e-18
6.93889e-18
-1.38778e-17
-1.38778e-17
5.55112e-17
-2.77556e-17
-3.46945e-18
-3.38271e-17
5.29091e-17
-3.29597e-17
2.77556e-17
-4.0766e-17
-2.34188e-17
5.55112e-17
-4.33681e-17
3.46945e-17
0
-1.73472e-17
-3.81639e-17
4.94396e-17
9.54098e-18
-4.68375e-17
-6.07153e-18
2.34188e-17
2.42861e-17
-3.38271e-17
5.20417e-17
-1.82146e-17
-1.69136e-17
-3.25261e-17
7.71952e-17
-3.64292e-17
1.47451e-17
-2.68882e-17
-3.81639e-17
5.89806e-17
4.77049e-18
7.37257e-18
-3.33934e-17
1.25767e-17
-2.60209e-18
4.33681e-18
-5.0307e-17
2.77556e-17
-2.34188e-17
4.29344e-17
3.03577e-17
-6.15827e-17
4.25007e-17
-3.55618e-17
-2.42861e-17
5.55112e-17
6.93889e-18
-1.04083e-17
1.9082e-17
3.29597e-17
-1.38778e-17
-6.76542e-17
-5.20417e-18
4.68375e-17
-2.42861e-17
2.77556e-17
2.25514e-17
-6.76542e-17
-1.21431e-17
2.60209e-17
-2.1684e-17
2.86229e-17
1.56125e-17
-1.04083e-17
-3.46945e-18
4.51028e-17
-1.73472e-18
-4.68375e-17
3.46945e-18
-1.21431e-17
4.94396e-17
-1.30104e-17
-3.38271e-17
1.38778e-17
3.1225e-17
-4.51028e-17
-5.20417e-18
2.94903e-17
-1.73472e-17
3.1225e-17
-3.46945e-18
-4.85723e-17
7.28584e-17
-2.08167e-17
-1.73472e-17
6.93889e-18
1.30104e-17
-4.94396e-17
2.25514e-17
3.1225e-17
-6.93889e-18
-3.46945e-18
-8.67362e-18
1.73472e-18
-4.68375e-17
4.51028e-17
2.08167e-17
-6.93889e-18
0
1.38778e-17
-4.94396e-17
-1.73472e-17
6.93889e-17
-1.30104e-17
1.30104e-17
-1.73472e-17
-4.16334e-17
3.46945e-17
1.38778e-17
-4.16334e-17
-2.1684e-17
-5.20417e-18
7.54605e-17
-4.0766e-17
2.42861e-17
1.82146e-17
8.67362e-18
-1.04083e-17
-3.98986e-17
1.21431e-17
0
1.64799e-17
-2.08167e-17
-4.68375e-17
5.89806e-17
2.60209e-18
-4.94396e-17
4.59702e-17
-3.81639e-17
8.67362e-18
-1.73472e-17
5.0307e-17
-5.33427e-17
2.86229e-17
3.55618e-17
-1.21431e-17
-7.63278e-17
4.85723e-17
-2.08167e-17
2.08167e-17
-6.93889e-18
-3.46945e-17
4.68375e-17
1.82146e-17
1.73472e-17
-4.16334e-17
-5.55112e-17
6.59195e-17
-2.08167e-17
1.38778e-17
5.20417e-17
5.20417e-18
-8.06646e-17
9.02056e-17
-1.14492e-16
7.45931e-17
-2.94903e-17
6.93889e-17
-6.93889e-17
5.55112e-17
-2.08167e-17
-8.67362e-19
2.77556e-17
6.93889e-18
3.46945e-18
5.55112e-17
-3.98986e-17
8.67362e-18
-6.93889e-18
-4.16334e-17
5.55112e-17
-1.04083e-17
3.81639e-17
-2.94903e-17
-1.21431e-17
4.16334e-17
-2.77556e-17
6.245e-17
-4.16334e-17
1.38778e-17
-2.94903e-17
4.85723e-17
-4.16334e-17
3.81639e-17
-3.1225e-17
-5.20417e-17
4.85723e-17
3.1225e-17
-2.77556e-17
2.77556e-17
2.77556e-17
-3.81639e-17
2.77556e-17
-8.32667e-17
6.93889e-17
-6.93889e-17
3.46945e-18
3.1225e-17
-2.08167e-17
9.71445e-17
-8.1532e-17
-2.94903e-17
4.16334e-17
1.73472e-18
6.245e-17
-2.77556e-17
0
3.46945e-18
-5.72459e-17
5.55112e-17
-6.93889e-18
-5.20417e-17
4.16334e-17
-3.1225e-17
-2.77556e-17
6.245e-17
-1.38778e-17
-3.46945e-18
-4.85723e-17
-3.46945e-17
5.55112e-17
4.85723e-17
-3.64292e-17
1.38778e-17
0
2.08167e-17
8.67362e-18
-4.85723e-17
3.98986e-17
-2.77556e-17
3.03577e-17
-8.67362e-17
2.08167e-17
6.245e-17
6.93889e-18
-7.45931e-17
-6.93889e-18
-1.73472e-18
-6.93889e-18
6.07153e-18
2.77556e-17
7.45931e-17
-5.20417e-17
4.85723e-17
-4.16334e-17
2.77556e-17
0
2.08167e-17
-2.08167e-17
-2.08167e-17
-1.38778e-17
5.55112e-17
-3.90313e-17
2.42861e-17
0
-4.85723e-17
4.85723e-17
-6.245e-17
0
5.20417e-17
-4.16334e-17
-2.08167e-17
7.97973e-17
-1.249e-16
1.17961e-16
-8.32667e-17
9.71445e-17
-1.04083e-16
1.38778e-17
5.0307e-17
-7.63278e-17
0
4.85723e-17
-4.16334e-17
4.59702e-17
-6.93889e-17
3.29597e-17
-2.94903e-17
5.55112e-17
0
-1.73472e-17
0
2.77556e-17
1.38778e-17
-1.11022e-16
5.20417e-17
-3.46945e-18
1.82146e-17
-6.93889e-18
2.42861e-17
-6.245e-17
9.02056e-17
-5.55112e-17
6.245e-17
-2.42861e-17
-4.16334e-17
-3.46945e-17
-3.46945e-18
2.08167e-17
-2.08167e-17
2.77556e-17
0
5.55112e-17
-1.30104e-17
-6.245e-17
4.16334e-17
-6.245e-17
1.38778e-17
4.16334e-17
2.77556e-17
-4.85723e-17
0
3.46945e-17
-1.38778e-17
4.85723e-17
-2.77556e-17
3.46945e-17
0
-3.46945e-17
4.16334e-17
-3.81639e-17
-2.77556e-17
2.77556e-17
-6.93889e-18
4.16334e-17
-1.38778e-17
-6.245e-17
0
1.04083e-17
1.38778e-17
2.42861e-17
2.08167e-17
-2.08167e-17
1.04083e-17
-2.08167e-17
2.77556e-17
-1.38778e-17
-3.03577e-17
4.85723e-17
-6.245e-17
1.38778e-17
5.55112e-17
-7.45931e-17
1.38778e-17
2.08167e-17
2.08167e-17
-5.55112e-17
-1.38778e-17
4.16334e-17
4.33681e-17
-1.38778e-17
1.38778e-17
-5.55112e-17
-6.245e-17
9.02056e-17
-3.1225e-17
-5.55112e-17
5.37764e-17
-4.16334e-17
-1.38778e-17
3.46945e-18
5.55112e-17
2.77556e-17
-1.38778e-17
2.77556e-17
-2.42861e-17
0
-6.93889e-18
2.77556e-17
-7.63278e-17
0
8.67362e-17
-8.93383e-17
1.00614e-16
-4.68375e-17
-3.1225e-17
2.77556e-17
2.77556e-17
2.77556e-17
-2.77556e-17
-6.245e-17
8.32667e-17
2.77556e-17
-9.36751e-17
2.42861e-17
-1.38778e-17
8.32667e-17
-2.08167e-17
-2.08167e-17
-6.93889e-18
-1.73472e-17
-1.38778e-17
5.55112e-17
4.33681e-18
-5.72459e-17
-1.73472e-17
2.77556e-17
5.55112e-17
-3.1225e-17
3.46945e-18
1.38778e-17
-5.55112e-17
-4.16334e-17
4.16334e-17
2.77556e-17
2.77556e-17
-6.93889e-17
0
2.77556e-17
6.245e-17
-2.77556e-17
2.77556e-17
-7.28584e-17
4.16334e-17
-1.21431e-17
2.77556e-17
-2.08167e-17
-1.38778e-17
-2.08167e-17
-2.77556e-17
3.81639e-17
5.20417e-18
6.93889e-18
-3.90313e-17
1.73472e-18
6.93889e-17
-3.64292e-17
-4.16334e-17
7.45931e-17
-3.46945e-17
0
3.1225e-17
-3.46945e-18
-4.16334e-17
0
5.72459e-17
3.46945e-18
-4.0766e-17
-2.34188e-17
1.56125e-17
-4.85723e-17
2.08167e-17
-1.73472e-17
7.63278e-17
-1.38778e-17
-4.16334e-17
6.93889e-17
-1.07553e-16
5.89806e-17
-2.42861e-17
-2.08167e-17
3.81639e-17
2.77556e-17
-8.67362e-18
-4.85723e-17
1.73472e-18
2.60209e-17
1.38778e-17
-2.77556e-17
-3.46945e-17
6.15827e-17
-5.63785e-17
-1.9082e-17
-2.08167e-17
1.73472e-17
3.46945e-17
1.30104e-17
-2.77556e-17
-1.04083e-17
8.67362e-19
3.81639e-17
-4.16334e-17
2.77556e-17
2.77556e-17
-1.38778e-17
-5.20417e-17
6.07153e-17
-5.0307e-17
-2.08167e-17
1.64799e-17
-1.73472e-18
1.47451e-17
-9.54098e-18
-1.73472e-18
3.72966e-17
-4.33681e-17
2.94903e-17
-5.72459e-17
3.98986e-17
1.9082e-17
-1.73472e-18
-8.67362e-18
2.25514e-17
-1.38778e-17
1.04083e-17
4.33681e-17
-3.64292e-17
-1.30104e-17
2.42861e-17
-2.77556e-17
6.76542e-17
-6.93889e-17
6.85216e-17
-4.77049e-17
1.21431e-17
-1.56125e-17
-2.08167e-17
8.67362e-18
3.46945e-17
-2.08167e-17
1.73472e-18
-3.29597e-17
9.54098e-18
4.42354e-17
-2.51535e-17
2.77556e-17
-2.60209e-17
2.1684e-17
-6.93889e-18
7.80626e-18
-4.16334e-17
4.25007e-17
-8.67362e-18
-7.71952e-17
6.15827e-17
-4.94396e-17
8.50015e-17
-8.50015e-17
3.72966e-17
-1.73472e-18
-1.21431e-17
2.94903e-17
6.07153e-18
-4.51028e-17
-1.9082e-17
5.11743e-17
-2.60209e-18
-3.98986e-17
7.45931e-17
-3.81639e-17
3.1225e-17
6.93889e-18
-3.46945e-17
-4.94396e-17
9.02056e-17
-2.94903e-17
-3.46945e-17
-2.42861e-17
5.63785e-17
-5.20417e-18
3.90313e-17
-3.46945e-17
3.20924e-17
6.07153e-18
-5.37764e-17
5.20417e-18
-4.85723e-17
5.55112e-17
1.73472e-17
-2.94903e-17
1.82146e-17
-4.77049e-17
8.32667e-17
-8.67362e-18
-1.12757e-17
-3.38271e-17
-1.21431e-17
5.37764e-17
5.0307e-17
-8.50015e-17
-1.73472e-17
-2.1684e-17
8.67362e-17
-2.1684e-17
5.20417e-18
2.42861e-17
-4.94396e-17
8.67362e-19
-2.60209e-18
4.16334e-17
-5.20417e-17
3.1225e-17
-1.04083e-17
6.93889e-18
1.56125e-17
5.37764e-17
-7.11237e-17
1.30104e-17
4.94396e-17
-6.59195e-17
3.29597e-17
-1.30104e-17
0
-3.81639e-17
5.55112e-17
-2.08167e-17
-2.77556e-17
5.89806e-17
-5.89806e-17
5.20417e-17
6.93889e-18
-6.93889e-17
6.93889e-17
-4.51028e-17
8.06646e-17
-4.85723e-17
2.08167e-17
-3.46945e-17
6.93889e-17
0
-5.55112e-17
-7.80626e-18
7.28584e-17
-1.38778e-17
-6.93889e-17
1.00614e-16
-2.77556e-17
-5.37764e-17
5.55112e-17
-5.20417e-17
3.46945e-17
-1.38778e-17
6.245e-17
-9.71445e-17
2.77556e-17
4.16334e-17
-5.72459e-17
8.32667e-17
-4.16334e-17
-4.51028e-17
3.81639e-17
-1.38778e-17
4.16334e-17
-4.85723e-17
4.85723e-17
-2.08167e-17
-6.93889e-18
-4.16334e-17
7.54605e-17
-5.55112e-17
1.38778e-17
0
1.38778e-17
2.77556e-17
-2.77556e-17
4.16334e-17
2.08167e-17
-8.84709e-17
-6.93889e-18
8.32667e-17
-6.93889e-18
-2.77556e-17
3.46945e-17
-6.93889e-17
2.08167e-17
1.38778e-17
-6.93889e-18
1.38778e-17
-1.04083e-17
5.9848e-17
0
-9.36751e-17
8.32667e-17
1.38778e-17
-5.55112e-17
5.55112e-17
0
-8.32667e-17
-1.38778e-17
0
6.245e-17
-8.67362e-18
-4.16334e-17
-3.46945e-17
1.11022e-16
-4.16334e-17
2.42861e-17
6.93889e-18
-7.63278e-17
4.33681e-17
-6.245e-17
7.63278e-17
-1.38778e-17
2.77556e-17
1.9082e-17
-1.04083e-17
-6.93889e-18
-4.16334e-17
-1.38778e-17
6.245e-17
-1.73472e-17
-5.55112e-17
0
3.1225e-17
4.16334e-17
-4.0766e-17
-2.77556e-17
6.245e-17
-6.93889e-18
-1.38778e-17
-6.245e-17
4.16334e-17
5.55112e-17
-5.55112e-17
6.59195e-17
2.08167e-17
-2.34188e-17
-3.46945e-17
3.81639e-17
-4.51028e-17
-2.08167e-17
5.55112e-17
-2.77556e-17
1.38778e-17
6.93889e-18
-3.38271e-17
5.89806e-17
0
-5.55112e-17
-2.77556e-17
4.16334e-17
1.38778e-17
6.93889e-18
-3.29597e-17
6.93889e-17
-5.55112e-17
2.08167e-17
2.08167e-17
1.73472e-18
-3.1225e-17
-1.38778e-17
1.38778e-17
2.08167e-17
-2.77556e-17
4.85723e-17
3.46945e-18
-4.85723e-17
-7.80626e-17
8.76035e-17
2.77556e-17
-4.85723e-17
-3.98986e-17
7.63278e-17
-1.30104e-17
3.81639e-17
-9.71445e-17
6.67869e-17
-3.46945e-17
6.93889e-18
2.42861e-17
-2.77556e-17
9.02056e-17
0
-4.16334e-17
2.77556e-17
-6.93889e-18
-2.77556e-17
-3.29597e-17
4.85723e-17
-2.94903e-17
0
5.55112e-17
-3.1225e-17
6.93889e-18
2.08167e-17
-1.38778e-17
3.46945e-17
-4.16334e-17
2.08167e-17
-3.03577e-17
-4.16334e-17
1.38778e-17
-1.38778e-17
1.73472e-17
6.59195e-17
-2.51535e-17
-1.04083e-17
4.16334e-17
0
-4.16334e-17
0
5.72459e-17
-7.80626e-17
3.46945e-17
6.245e-17
-5.89806e-17
1.73472e-18
1.12757e-17
-2.77556e-17
-3.46945e-18
6.93889e-18
0
-4.68375e-17
3.38271e-17
1.9082e-17
2.94903e-17
-5.20417e-17
4.59702e-17
-2.94903e-17
9.54098e-18
-4.16334e-17
3.81639e-17
-3.29597e-17
-2.08167e-17
6.93889e-17
-3.90313e-17
-1.21431e-17
1.73472e-17
-4.16334e-17
-2.42861e-17
7.71952e-17
2.68882e-17
-2.08167e-17
6.07153e-18
0
4.25007e-17
-5.37764e-17
-1.9082e-17
2.08167e-17
-6.76542e-17
3.46945e-18
4.16334e-17
-6.93889e-18
-6.93889e-18
3.46945e-17
-6.93889e-18
-2.94903e-17
1.73472e-17
-5.55112e-17
0
8.32667e-17
2.77556e-17
-1.30104e-18
-9.54098e-17
3.98986e-17
1.82146e-17
-5.0307e-17
4.33681e-18
5.29091e-17
-4.85723e-17
1.56125e-17
3.98986e-17
-6.93889e-18
-2.42861e-17
-2.77556e-17
1.73472e-18
1.38778e-17
-3.46945e-17
5.72459e-17
-3.98986e-17
3.81639e-17
1.38778e-17
5.20417e-17
-6.50521e-17
-4.51028e-17
3.46945e-17
6.93889e-18
-6.93889e-18
3.46945e-17
-3.1225e-17
-1.21431e-17
-1.73472e-17
2.42861e-17
-6.93889e-18
3.46945e-18
8.67362e-19
2.08167e-17
1.04083e-17
-7.97973e-17
-9.54098e-18
2.42861e-17
-2.42861e-17
8.06646e-17
-5.20417e-18
-3.38271e-17
3.46945e-18
1.04083e-17
1.56125e-17
-2.42861e-17
-1.73472e-17
4.16334e-17
-1.38778e-17
-6.245e-17
8.84709e-17
-4.85723e-17
-1.73472e-17
4.77049e-17
-1.56125e-17
2.77556e-17
-6.07153e-17
2.60209e-17
5.20417e-17
-1.38778e-17
-1.56125e-17
-7.80626e-18
2.34188e-17
-8.32667e-17
3.46945e-17
2.08167e-17
-2.42861e-17
-4.51028e-17
6.59195e-17
3.46945e-18
-3.1225e-17
3.55618e-17
1.21431e-17
-4.51028e-17
3.46945e-17
-2.42861e-17
-1.21431e-17
5.37764e-17
-3.98986e-17
0
8.67362e-18
1.73472e-18
-5.0307e-17
4.85723e-17
4.85723e-17
-4.85723e-17
-3.46945e-17
4.68375e-17
-4.51028e-17
2.1684e-17
-1.04083e-17
2.60209e-17
-4.68375e-17
3.81639e-17
-3.64292e-17
-8.67362e-18
1.56125e-17
2.77556e-17
-6.93889e-17
9.36751e-17
-1.73472e-17
-3.1225e-17
1.47451e-17
3.03577e-17
-1.38778e-17
1.73472e-17
0
-8.32667e-17
6.93889e-18
2.42861e-17
2.42861e-17
-3.64292e-17
6.41848e-17
-6.93889e-18
-3.81639e-17
2.42861e-17
1.38778e-17
0
-6.93889e-17
8.32667e-17
-2.08167e-17
-5.89806e-17
4.16334e-17
-6.93889e-18
1.38778e-17
-3.98986e-17
7.45931e-17
-1.04083e-17
-3.1225e-17
-8.67362e-18
0
5.20417e-18
1.12757e-17
-8.67362e-18
0
1.04083e-17
-6.245e-17
4.85723e-17
1.38778e-17
2.68882e-17
-1.30104e-17
-6.93889e-17
-4.68375e-17
8.1532e-17
8.67362e-18
-8.67362e-18
6.93889e-18
0
-6.07153e-18
1.56125e-17
-1.9082e-17
6.93889e-18
1.73472e-17
-1.38778e-17
-1.04083e-17
-6.93889e-18
-6.93889e-18
1.73472e-17
-1.73472e-17
4.16334e-17
-4.77049e-17
1.64799e-17
-1.99493e-17
5.37764e-17
-5.20417e-17
5.46438e-17
-2.42861e-17
-1.56125e-17
6.93889e-18
2.60209e-17
-2.42861e-17
-1.38778e-17
3.46945e-17
-6.93889e-18
-4.51028e-17
-1.38778e-17
6.93889e-17
1.56125e-17
-8.32667e-17
-2.08167e-17
8.67362e-18
4.68375e-17
-1.30104e-17
1.38778e-17
-3.46945e-18
2.94903e-17
-2.94903e-17
-5.37764e-17
3.1225e-17
4.85723e-17
-1.73472e-17
-4.16334e-17
4.51028e-17
-6.245e-17
2.42861e-17
-1.73472e-18
-2.77556e-17
4.51028e-17
-6.93889e-18
2.77556e-17
-2.77556e-17
2.42861e-17
-6.93889e-17
5.55112e-17
-2.21177e-17
5.20417e-18
-6.07153e-18
1.38778e-17
5.55112e-17
-4.42354e-17
-2.68882e-17
1.30104e-17
-2.77556e-17
4.16334e-17
-5.20417e-18
-1.38778e-17
4.16334e-17
-4.68375e-17
1.04083e-17
5.20417e-18
-7.80626e-18
0
5.20417e-18
-2.77556e-17
7.1991e-17
-1.38778e-17
-2.77556e-17
2.77556e-17
-3.46945e-18
2.25514e-17
2.77556e-17
-4.33681e-17
0
-4.68375e-17
-1.56125e-17
5.89806e-17
3.03577e-17
-3.81639e-17
2.08167e-17
3.46945e-18
-2.77556e-17
2.1684e-17
-1.56125e-17
1.04083e-17
1.04083e-17
-1.47451e-17
0
-5.20417e-17
9.71445e-17
-3.29597e-17
-2.94903e-17
3.46945e-18
-1.04083e-17
4.16334e-17
0
-1.73472e-18
-6.93889e-18
1.73472e-17
-1.38778e-17
6.93889e-17
-6.93889e-17
3.46945e-17
-4.77049e-17
9.54098e-18
1.9082e-17
2.25514e-17
-1.73472e-17
-6.93889e-18
-3.46945e-18
1.73472e-17
3.46945e-17
-3.1225e-17
8.67362e-18
-4.51028e-17
2.25514e-17
-2.42861e-17
5.20417e-18
3.29597e-17
-3.90313e-17
-6.93889e-18
4.25007e-17
-1.38778e-17
6.93889e-18
-2.77556e-17
4.16334e-17
-2.25514e-17
-1.73472e-17
5.29091e-17
-2.77556e-17
2.25514e-17
-1.82146e-17
0
-4.51028e-17
3.46945e-17
1.73472e-17
-2.08167e-17
-4.16334e-17
6.245e-17
1.04083e-17
-3.46945e-18
-1.73472e-18
2.77556e-17
-6.245e-17
6.76542e-17
-1.73472e-17
3.64292e-17
-3.64292e-17
8.67362e-19
2.60209e-18
1.21431e-17
-8.67362e-18
-2.25514e-17
6.41848e-17
-8.32667e-17
1.38778e-17
5.89806e-17
-2.77556e-17
-6.59195e-17
8.50015e-17
-2.42861e-17
1.38778e-17
-1.56125e-17
-7.80626e-18
3.1225e-17
-2.94903e-17
-2.86229e-17
-1.30104e-17
9.88792e-17
-4.33681e-17
-4.16334e-17
1.82146e-17
8.67362e-19
-3.46945e-17
7.63278e-17
2.1684e-17
-8.67362e-18
-4.68375e-17
-3.81639e-17
4.33681e-17
-1.9082e-17
-2.60209e-18
6.93889e-18
-1.73472e-17
5.55112e-17
-2.77556e-17
-2.42861e-17
3.1225e-17
-1.12757e-17
6.07153e-18
2.77556e-17
-5.55112e-17
2.42861e-17
2.25514e-17
-4.33681e-17
3.46945e-18
1.38778e-17
1.9082e-17
-1.38778e-17
2.94903e-17
-2.08167e-17
5.20417e-18
-1.38778e-17
6.93889e-18
0
-3.46945e-18
-6.93889e-17
7.28584e-17
2.42861e-17
-1.04083e-17
-4.16334e-17
-6.76542e-17
1.20563e-16
-3.98986e-17
-2.94903e-17
7.63278e-17
-3.46945e-17
2.08167e-17
3.85976e-17
-4.51028e-17
0
-4.51028e-17
-2.42861e-17
4.85723e-17
-1.04083e-17
6.245e-17
-6.76542e-17
-1.38778e-17
4.85723e-17
5.20417e-18
-3.90313e-17
3.1225e-17
-1.38778e-17
5.20417e-18
4.16334e-17
-3.81639e-17
3.81639e-17
-1.38778e-17
-7.80626e-18
-6.93889e-18
-4.0766e-17
-6.93889e-18
3.98986e-17
-2.25514e-17
-1.9082e-17
3.72966e-17
2.94903e-17
-4.33681e-17
1.21431e-17
-2.34188e-17
2.94903e-17
-2.08167e-17
-3.46945e-18
4.16334e-17
-1.38778e-17
-1.21431e-17
-6.07153e-18
-8.67362e-19
-1.04083e-17
5.89806e-17
-6.07153e-17
-1.9082e-17
5.55112e-17
2.34188e-17
-2.77556e-17
-1.73472e-17
4.33681e-18
-1.21431e-17
6.41848e-17
-3.29597e-17
-2.94903e-17
1.04083e-17
-1.82146e-17
4.42354e-17
6.93889e-18
5.20417e-18
-3.46945e-17
-3.46945e-18
2.25514e-17
1.04083e-17
-1.21431e-17
-3.46945e-17
5.0307e-17
-2.42861e-17
0
3.46945e-18
-1.9082e-17
-7.80626e-18
3.81639e-17
-6.93889e-18
-4.85723e-17
4.51028e-17
-6.93889e-18
8.67362e-18
5.20417e-18
-3.98986e-17
3.1225e-17
-1.64799e-17
0
1.21431e-17
-5.20417e-18
1.38778e-17
-2.60209e-17
-2.08167e-17
5.55112e-17
-4.16334e-17
1.12757e-17
-1.56125e-17
4.85723e-17
-3.29597e-17
8.67362e-19
1.04083e-17
-1.73472e-17
-1.04083e-17
5.11743e-17
-1.04083e-17
5.20417e-18
1.73472e-18
-1.38778e-17
-1.04083e-17
3.46945e-18
-5.55112e-17
6.76542e-17
-3.81639e-17
0
2.77556e-17
-1.04083e-17
1.73472e-17
-6.93889e-18
3.46945e-17
-2.08167e-17
-1.73472e-18
-1.38778e-17
-2.77556e-17
4.16334e-17
-1.56125e-17
-1.73472e-17
2.94903e-17
-1.38778e-17
-1.38778e-17
6.93889e-18
1.99493e-17
2.34188e-17
-1.73472e-18
-5.0307e-17
5.11743e-17
-2.25514e-17
-3.46945e-18
-9.1073e-18
5.55112e-17
-4.16334e-17
-2.77556e-17
-4.33681e-18
2.60209e-17
-5.72459e-17
3.98986e-17
-4.51028e-17
6.93889e-17
-5.72459e-17
9.88792e-17
-8.67362e-17
2.25514e-17
1.99493e-17
1.9082e-17
-4.85723e-17
2.94903e-17
-6.59195e-17
6.41848e-17
-1.04083e-17
-2.42861e-17
3.81639e-17
0
-3.46945e-18
-3.1225e-17
6.15827e-17
-7.28584e-17
4.51028e-17
-1.38778e-17
6.93889e-18
-8.67362e-19
-2.08167e-17
-8.67362e-19
-1.12757e-17
4.85723e-17
-3.29597e-17
8.67362e-18
1.04083e-17
1.9082e-17
-5.89806e-17
5.37764e-17
-3.1225e-17
-7.63278e-17
6.93889e-17
6.245e-17
-5.55112e-17
-3.1225e-17
2.94903e-17
-3.64292e-17
4.68375e-17
2.77556e-17
-2.1684e-17
-1.38778e-17
-1.73472e-18
6.93889e-18
-3.29597e-17
-1.73472e-18
2.51535e-17
6.93889e-18
4.42354e-17
-4.0766e-17
5.37764e-17
-1.07553e-16
5.0307e-17
5.20417e-17
-3.46945e-17
0
-3.64292e-17
1.73472e-17
-2.1684e-17
-2.08167e-17
3.46945e-17
3.46945e-17
-7.28584e-17
1.73472e-17
1.73472e-17
3.46945e-17
-3.20924e-17
-4.85723e-17
1.38778e-17
4.85723e-17
-2.77556e-17
1.04083e-17
-4.33681e-17
1.38778e-17
1.82146e-17
1.30104e-17
1.21431e-17
-8.1532e-17
4.16334e-17
1.73472e-17
0
9.54098e-18
-2.77556e-17
4.16334e-17
-4.85723e-17
2.1684e-17
-2.08167e-17
2.94903e-17
-2.77556e-17
-3.1225e-17
3.81639e-17
1.04083e-17
4.16334e-17
-6.93889e-17
4.85723e-17
-8.67362e-18
-1.38778e-17
-6.93889e-18
5.55112e-17
1.11022e-16
-2.08167e-17
2.08167e-17
-6.93889e-18
1.21431e-17
-2.77556e-17
3.46945e-17
1.04083e-17
-2.77556e-17
3.64292e-17
-1.04083e-17
-1.12757e-17
-1.38778e-17
3.46945e-18
-3.81639e-17
1.00614e-16
-3.46945e-17
-3.46945e-17
-2.42861e-17
3.29597e-17
-6.245e-17
1.11022e-16
-3.98986e-17
-8.67362e-18
2.77556e-17
-5.89806e-17
5.20417e-17
0
-1.56125e-17
-1.73472e-17
1.73472e-17
-3.1225e-17
6.85216e-17
1.04083e-17
-1.64799e-17
-3.46945e-18
-2.42861e-17
-1.38778e-17
-1.73472e-18
2.77556e-17
-1.56125e-17
5.37764e-17
-7.11237e-17
1.64799e-17
4.68375e-17
-5.55112e-17
4.51028e-17
-4.33681e-17
1.04083e-17
-2.77556e-17
3.46945e-17
2.08167e-17
-4.85723e-17
-6.93889e-18
-1.38778e-17
2.77556e-17
4.85723e-17
-1.38778e-17
9.54098e-18
-4.85723e-17
1.38778e-17
5.20417e-17
-1.30104e-17
1.38778e-17
-5.55112e-17
4.0766e-17
-4.33681e-18
-4.16334e-17
1.64799e-17
6.93889e-18
5.37764e-17
-5.55112e-17
-1.56125e-17
-1.12757e-17
3.29597e-17
8.67362e-18
6.93889e-18
-5.11743e-17
7.37257e-17
-4.33681e-18
-4.59702e-17
2.60209e-17
-3.46945e-17
3.98986e-17
6.93889e-18
-6.93889e-17
1.38778e-17
0
-1.04083e-17
3.55618e-17
0
-5.55112e-17
-1.38778e-17
0
8.32667e-17
-5.55112e-17
3.46945e-17
-4.85723e-17
-2.77556e-17
3.46945e-17
6.93889e-17
-3.46945e-18
-5.20417e-17
4.16334e-17
-6.245e-17
-3.46945e-17
8.1532e-17
4.16334e-17
-2.77556e-17
-2.77556e-17
4.16334e-17
-2.08167e-17
2.08167e-17
-3.81639e-17
2.94903e-17
-5.72459e-17
9.71445e-17
-6.93889e-17
0
6.93889e-18
-4.16334e-17
4.85723e-17
4.16334e-17
-3.1225e-17
-6.93889e-18
-6.93889e-18
-6.93889e-18
3.46945e-17
-2.08167e-17
4.16334e-17
6.93889e-18
-2.77556e-17
-4.16334e-17
3.46945e-17
1.38778e-17
-1.38778e-17
-5.37764e-17
7.63278e-17
-8.32667e-17
2.77556e-17
-3.1225e-17
2.77556e-17
-2.08167e-17
8.32667e-17
-5.55112e-17
-5.55112e-17
-4.16334e-17
6.93889e-18
6.93889e-17
1.38778e-17
-3.55618e-17
3.81639e-17
-8.32667e-17
-1.38778e-17
8.32667e-17
-2.77556e-17
4.16334e-17
-8.32667e-17
4.11997e-17
-3.90313e-18
1.38778e-17
2.08167e-17
2.77556e-17
-6.245e-17
2.08167e-17
-2.25514e-17
1.04083e-17
-3.29597e-17
0
1.56125e-17
-4.16334e-17
6.245e-17
-5.29091e-17
-2.94903e-17
1.11022e-16
-6.76542e-17
1.56125e-17
1.73472e-17
1.04083e-17
-3.55618e-17
-3.46945e-18
-4.25007e-17
4.16334e-17
-1.73472e-18
-5.20417e-17
5.63785e-17
-8.67362e-19
-3.46945e-17
2.42861e-17
4.16334e-17
1.38778e-17
-3.81639e-17
2.25514e-17
-4.33681e-17
1.73472e-17
6.93889e-18
-3.81639e-17
1.30104e-17
8.67362e-19
-1.04083e-17
1.21431e-17
1.73472e-17
-1.73472e-17
-2.94903e-17
8.67362e-18
-2.34188e-17
5.11743e-17
-5.20417e-18
6.93889e-18
-3.55618e-17
-8.67362e-18
2.68882e-17
3.98986e-17
-7.45931e-17
3.29597e-17
-1.9082e-17
2.94903e-17
-1.04083e-17
-4.85723e-17
5.20417e-17
-8.67362e-19
-3.46945e-18
7.80626e-18
1.9082e-17
-4.68375e-17
2.77556e-17
-1.9082e-17
1.30104e-17
-1.99493e-17
6.33174e-17
-5.72459e-17
1.64799e-17
1.73472e-17
-6.93889e-18
2.94903e-17
-7.63278e-17
5.72459e-17
-1.9082e-17
-5.20417e-18
-2.51535e-17
8.32667e-17
-6.41848e-17
1.38778e-17
5.20417e-18
-1.38778e-17
1.38778e-17
2.77556e-17
-6.76542e-17
2.34188e-17
-1.64799e-17
0
-2.42861e-17
7.80626e-17
2.42861e-17
-6.93889e-17
-1.73472e-17
2.77556e-17
0
2.08167e-17
0
5.0307e-17
-6.93889e-18
-7.63278e-17
5.55112e-17
-6.93889e-17
6.85216e-17
-1.47451e-17
0
-3.46945e-17
8.32667e-17
2.77556e-17
-4.25007e-17
2.08167e-17
-7.63278e-17
0
2.77556e-17
-4.16334e-17
0
4.51028e-17
-2.94903e-17
5.55112e-17
1.38778e-17
4.16334e-17
-7.63278e-17
-3.46945e-18
-4.16334e-17
3.46945e-17
6.93889e-17
-2.08167e-17
-4.85723e-17
7.97973e-17
-1.38778e-17
-2.77556e-17
4.16334e-17
-6.245e-17
8.67362e-17
-1.38778e-17
-3.46945e-17
-4.85723e-17
1.9082e-17
-1.73472e-17
4.16334e-17
-2.08167e-17
-6.85216e-17
3.98986e-17
7.63278e-17
-6.93889e-17
0
5.9848e-17
-9.02056e-17
1.12757e-17
6.245e-17
-1.38778e-17
0
1.38778e-17
4.16334e-17
-8.32667e-17
8.32667e-17
-5.89806e-17
5.89806e-17
1.38778e-17
-5.55112e-17
4.16334e-17
5.20417e-18
-6.07153e-17
5.55112e-17
-8.32667e-17
5.55112e-17
-5.55112e-17
-6.93889e-18
1.38778e-17
2.77556e-17
2.77556e-17
-8.32667e-17
4.16334e-17
6.245e-17
-4.16334e-17
2.77556e-17
-4.16334e-17
-2.77556e-17
-1.38778e-17
1.38778e-17
8.50015e-17
-7.28584e-17
-2.08167e-17
9.19403e-17
1.56125e-17
-3.98986e-17
-5.55112e-17
-3.46945e-18
9.71445e-17
2.08167e-17
-9.71445e-17
-3.46945e-18
-1.38778e-17
5.55112e-17
-4.16334e-17
8.32667e-17
-4.16334e-17
3.46945e-18
6.93889e-18
-1.38778e-17
1.38778e-17
2.08167e-17
-8.32667e-17
4.16334e-17
-6.59195e-17
6.93889e-17
-1.64799e-17
-2.08167e-17
-6.93889e-18
9.71445e-17
-8.67362e-17
2.77556e-17
6.59195e-17
-5.55112e-17
-4.51028e-17
2.77556e-17
3.1225e-17
-3.46945e-18
4.16334e-17
-4.16334e-17
1.38778e-17
2.77556e-17
-4.33681e-17
-2.25514e-17
2.77556e-17
-4.51028e-17
4.16334e-17
4.16334e-17
-6.93889e-18
-4.16334e-17
1.38778e-17
-4.16334e-17
3.1225e-17
5.55112e-17
-1.38778e-17
-6.245e-17
-6.93889e-18
2.77556e-17
5.55112e-17
-4.85723e-17
-2.77556e-17
8.32667e-17
0
-6.245e-17
-1.21431e-17
6.76542e-17
-2.77556e-17
-3.1225e-17
-1.38778e-17
1.38778e-17
-1.04083e-17
2.77556e-17
2.08167e-17
-2.77556e-17
5.55112e-17
-6.245e-17
5.55112e-17
5.55112e-17
-8.32667e-17
6.93889e-17
2.42861e-17
-2.08167e-17
-6.245e-17
-1.38778e-17
-2.42861e-17
2.42861e-17
4.51028e-17
-1.38778e-17
-6.93889e-17
1.38778e-17
5.55112e-17
-1.38778e-17
2.42861e-17
-3.46945e-17
0
-2.77556e-17
-1.38778e-17
9.71445e-17
-5.72459e-17
4.33681e-17
-6.245e-17
8.32667e-17
-6.245e-17
-6.93889e-18
7.11237e-17
2.25514e-17
-5.55112e-17
5.55112e-17
-5.55112e-17
-1.04083e-17
-2.77556e-17
8.32667e-17
-2.42861e-17
4.16334e-17
-4.16334e-17
4.85723e-17
-1.9082e-17
-3.29597e-17
3.1225e-17
0
-2.08167e-17
4.16334e-17
-3.1225e-17
-3.1225e-17
8.84709e-17
-1.02349e-16
1.14492e-16
-1.73472e-17
-4.25007e-17
0
0
-4.16334e-17
-1.73472e-17
2.60209e-18
5.63785e-17
-3.98986e-17
2.77556e-17
-2.60209e-17
1.73472e-17
-7.80626e-18
-2.08167e-17
1.38778e-17
-3.46945e-18
-3.72966e-17
3.1225e-17
1.38778e-17
6.93889e-18
3.1225e-17
-2.94903e-17
1.38778e-17
-6.41848e-17
2.51535e-17
3.1225e-17
-1.38778e-17
-1.04083e-17
-2.42861e-17
2.77556e-17
3.46945e-18
6.93889e-18
-1.73472e-17
-2.90566e-17
5.55112e-17
-5.55112e-17
3.29597e-17
-9.54098e-18
2.25514e-17
-2.77556e-17
2.68882e-17
-5.20417e-18
3.46945e-18
1.73472e-17
-1.04083e-17
-2.25514e-17
-3.81639e-17
8.58688e-17
1.30104e-17
-8.32667e-17
0
7.11237e-17
-1.21431e-17
3.64292e-17
-3.46945e-17
-1.38778e-17
-4.16334e-17
4.16334e-17
5.55112e-17
-4.85723e-17
-5.55112e-17
4.16334e-17
6.93889e-18
4.16334e-17
-4.33681e-17
-5.20417e-17
9.36751e-17
-2.08167e-17
-2.08167e-17
5.55112e-17
-2.42861e-17
-2.77556e-17
6.93889e-18
-4.16334e-17
7.97973e-17
-8.32667e-17
9.71445e-17
2.77556e-17
0
-8.32667e-17
4.85723e-17
-6.93889e-18
-6.93889e-17
1.38778e-17
-1.38778e-17
3.46945e-17
5.55112e-17
-6.59195e-17
1.38778e-17
2.42861e-17
2.68882e-17
0
-9.71445e-17
5.55112e-17
-4.85723e-17
-2.77556e-17
8.32667e-17
-5.55112e-17
2.08167e-17
-8.32667e-17
2.77556e-17
0
2.08167e-17
1.38778e-17
-1.73472e-18
6.93889e-17
-2.77556e-17
-7.63278e-17
-2.77556e-17
3.1225e-17
5.20417e-17
-1.11022e-16
7.80626e-17
-3.81639e-17
-3.1225e-17
6.245e-17
-2.77556e-17
-1.73472e-17
4.94396e-17
-1.12757e-17
-2.77556e-17
1.38778e-17
1.21431e-17
-3.1225e-17
3.55618e-17
-1.73472e-18
-1.38778e-17
1.9082e-17
-3.46945e-17
2.77556e-17
1.04083e-17
-1.73472e-17
-1.9082e-17
-5.20417e-18
2.77556e-17
-3.20924e-17
7.28584e-17
-5.20417e-17
1.04083e-17
2.60209e-17
1.56125e-17
-3.81639e-17
-1.04083e-17
1.73472e-18
1.73472e-17
-1.82146e-17
4.33681e-18
-5.20417e-18
-1.38778e-17
1.73472e-18
1.82146e-17
6.93889e-18
-2.08167e-17
-7.02563e-17
7.28584e-17
3.03577e-17
-6.50521e-17
-4.59702e-17
2.34188e-17
2.77556e-17
-5.0307e-17
7.45931e-17
2.60209e-17
-5.20417e-17
1.38778e-17
-1.73472e-17
4.51028e-17
6.93889e-18
-1.14492e-16
5.89806e-17
-1.21431e-17
6.41848e-17
1.21431e-17
-1.9082e-17
-2.60209e-17
-2.86229e-17
2.60209e-18
3.81639e-17
-4.0766e-17
-1.64799e-17
6.245e-17
1.82146e-17
-2.86229e-17
-2.42861e-17
-3.46945e-18
3.1225e-17
-1.38778e-17
-2.25514e-17
3.81639e-17
1.21431e-17
-8.67362e-17
4.33681e-17
-4.33681e-17
7.97973e-17
-1.64799e-17
0
1.04083e-17
0
4.68375e-17
-1.12757e-16
6.76542e-17
6.93889e-18
-4.85723e-17
1.47451e-17
3.03577e-17
1.47451e-17
-4.25007e-17
1.73472e-18
-1.38778e-17
1.47451e-17
4.25007e-17
-2.1684e-17
-4.68375e-17
-6.93889e-18
4.94396e-17
-6.07153e-18
-1.9082e-17
2.51535e-17
-4.94396e-17
3.81639e-17
3.98986e-17
-2.51535e-17
1.38778e-17
3.46945e-18
-2.08167e-17
-4.16334e-17
1.47451e-17
-8.67362e-18
7.80626e-17
-5.0307e-17
1.38778e-17
-2.77556e-17
6.245e-17
-6.59195e-17
3.1225e-17
-6.93889e-18
4.16334e-17
2.77556e-17
-5.55112e-17
-2.77556e-17
-1.9082e-17
-1.38778e-17
4.16334e-17
0
-2.08167e-17
6.93889e-18
-1.38778e-17
2.77556e-17
-2.77556e-17
-2.42861e-17
1.04083e-17
1.38778e-17
-5.20417e-17
7.63278e-17
-6.93889e-18
-4.16334e-17
2.77556e-17
2.77556e-17
2.68882e-17
-4.68375e-17
-1.38778e-17
-6.93889e-18
2.77556e-17
-4.85723e-17
1.04083e-17
2.60209e-17
-5.55112e-17
2.08167e-17
-5.20417e-18
-1.21431e-17
0
5.55112e-17
-9.36751e-17
7.63278e-17
-4.85723e-17
3.46945e-17
6.93889e-18
-1.21431e-17
1.38778e-17
-9.02056e-17
6.59195e-17
6.07153e-18
-2.94903e-17
1.38778e-17
-2.77556e-17
2.77556e-17
3.1225e-17
-8.67362e-17
5.20417e-17
0
1.38778e-17
-6.93889e-18
-6.93889e-18
-3.46945e-18
5.37764e-17
-2.77556e-17
1.04083e-17
-1.38778e-17
4.33681e-17
-6.93889e-18
6.93889e-18
-4.85723e-17
0
1.38778e-17
-1.38778e-17
0
2.08167e-17
-6.93889e-18
-3.81639e-17
4.85723e-17
2.77556e-17
-2.77556e-17
-1.73472e-17
4.16334e-17
-6.93889e-17
0
5.55112e-17
0
4.85723e-17
-1.11022e-16
6.07153e-17
-2.77556e-17
4.16334e-17
-3.1225e-17
0
1.04083e-17
-1.38778e-17
3.46945e-17
-5.55112e-17
7.63278e-17
-6.41848e-17
-1.38778e-17
3.46945e-17
1.73472e-17
-3.46945e-17
0
-1.04083e-17
-1.9082e-17
3.46945e-17
2.08167e-17
-1.64799e-17
2.77556e-17
0
-6.93889e-18
-2.77556e-17
2.77556e-17
6.93889e-18
-2.77556e-17
-1.38778e-17
-6.93889e-18
-2.08167e-17
4.85723e-17
0
3.46945e-18
1.04083e-17
-5.55112e-17
8.32667e-17
-5.55112e-17
4.33681e-17
2.77556e-17
-4.85723e-17
3.46945e-17
-4.16334e-17
1.38778e-17
-4.16334e-17
5.55112e-17
0
3.1225e-17
-1.04083e-17
-1.38778e-17
-1.38778e-17
3.64292e-17
-4.16334e-17
2.77556e-17
1.38778e-17
0
0
-2.08167e-17
6.93889e-18
3.46945e-17
-1.38778e-17
1.38778e-17
4.85723e-17
-4.16334e-17
6.93889e-18
-6.245e-17
3.64292e-17
4.16334e-17
-3.46945e-17
-1.38778e-17
-4.16334e-17
8.32667e-17
-2.77556e-17
-2.77556e-17
1.38778e-17
1.73472e-17
-1.21431e-17
1.38778e-17
-5.37764e-17
8.32667e-17
-4.16334e-17
1.04083e-17
0
-3.64292e-17
2.77556e-17
-4.16334e-17
4.16334e-17
6.93889e-18
4.51028e-17
-5.20417e-17
1.38778e-17
1.38778e-17
-6.93889e-18
-2.77556e-17
-2.77556e-17
5.37764e-17
-1.73472e-17
-2.77556e-17
-3.64292e-17
4.51028e-17
-3.46945e-17
5.0307e-17
-3.46945e-17
3.64292e-17
5.20417e-18
3.46945e-18
-3.46945e-18
-8.67362e-18
-1.21431e-17
4.59702e-17
-1.56125e-17
6.07153e-18
-1.12757e-17
-3.38271e-17
1.56125e-17
1.30104e-17
-1.30104e-17
8.67362e-18
4.85723e-17
-5.55112e-17
4.33681e-18
-1.82146e-17
-4.25007e-17
-6.07153e-18
3.20924e-17
1.99493e-17
-3.64292e-17
5.72459e-17
-1.73472e-18
3.46945e-18
-5.89806e-17
-1.56125e-17
0
3.1225e-17
-6.93889e-18
2.42861e-17
0
-2.77556e-17
-2.77556e-17
-1.73472e-17
-5.89806e-17
5.55112e-17
0
0
3.46945e-17
-3.46945e-17
3.46945e-17
-2.08167e-17
2.08167e-17
-1.38778e-17
-5.55112e-17
6.93889e-17
-3.1225e-17
2.77556e-17
1.21431e-17
-4.16334e-17
-1.38778e-17
8.32667e-17
-4.85723e-17
5.20417e-18
2.94903e-17
-2.42861e-17
6.93889e-18
3.1225e-17
-4.85723e-17
3.46945e-17
-5.55112e-17
-1.38778e-17
3.38271e-17
-1.9082e-17
2.60209e-18
6.93889e-18
4.51028e-17
-5.55112e-17
6.07153e-18
2.08167e-17
-1.30104e-17
-6.93889e-18
3.72966e-17
-5.11743e-17
-1.56125e-17
9.88792e-17
-1.11022e-16
1.11022e-16
-2.77556e-17
-2.08167e-17
-4.16334e-17
4.16334e-17
-5.55112e-17
3.46945e-17
4.51028e-17
1.73472e-18
-5.20417e-17
-8.67362e-18
3.46945e-18
1.38778e-17
-1.73472e-18
2.77556e-17
-2.77556e-17
1.56125e-17
-2.1684e-17
1.99493e-17
1.38778e-17
-4.33681e-18
-3.03577e-17
3.1225e-17
5.9848e-17
-4.25007e-17
-1.73472e-18
1.21431e-17
-4.0766e-17
2.34188e-17
4.16334e-17
-4.16334e-17
-1.38778e-17
3.46945e-17
4.16334e-17
-8.32667e-17
6.93889e-17
-3.1225e-17
-4.85723e-17
5.20417e-17
1.9082e-17
-4.33681e-18
-3.46945e-17
4.0766e-17
2.08167e-17
7.80626e-18
-6.93889e-17
2.51535e-17
4.33681e-18
-1.56125e-17
7.97973e-17
-6.07153e-17
2.77556e-17
-7.63278e-17
8.32667e-17
1.64799e-17
-1.64799e-17
2.51535e-17
-1.12757e-17
3.46945e-17
-1.04083e-17
-4.51028e-17
-2.77556e-17
5.55112e-17
4.85723e-17
1.38778e-17
-7.63278e-17
7.63278e-17
-6.93889e-18
-5.55112e-17
0
8.32667e-17
-9.88792e-17
9.36751e-17
-1.04083e-16
4.85723e-17
8.67362e-19
5.46438e-17
-4.25007e-17
-2.68882e-17
2.77556e-17
-2.77556e-17
6.93889e-17
6.07153e-18
-9.36751e-17
9.54098e-18
-3.46945e-18
6.93889e-18
8.67362e-18
7.28584e-17
-4.16334e-17
-4.85723e-17
1.11022e-16
-6.76542e-17
-4.85723e-17
1.9082e-17
5.46438e-17
-7.54605e-17
1.11022e-16
-4.85723e-17
-5.20417e-17
4.85723e-17
-2.68882e-17
-2.77556e-17
4.16334e-17
-1.38778e-17
5.55112e-17
-4.85723e-17
2.77556e-17
1.21431e-17
-1.38778e-17
1.38778e-17
0
4.85723e-17
-8.32667e-17
4.16334e-17
6.93889e-18
2.08167e-17
-4.16334e-17
4.16334e-17
-8.32667e-17
1.11022e-16
-5.55112e-17
2.77556e-17
-8.32667e-17
-1.04083e-17
1.11022e-16
-5.55112e-17
-5.55112e-17
0
1.04083e-17
-3.46945e-18
5.55112e-17
-3.46945e-17
6.93889e-17
-2.08167e-17
1.73472e-18
-6.07153e-17
2.77556e-17
-3.46945e-18
-5.20417e-18
8.67362e-19
2.08167e-17
0
6.93889e-17
-2.42861e-17
-5.55112e-17
4.68375e-17
-6.245e-17
2.08167e-17
-2.08167e-17
8.32667e-17
-5.55112e-17
4.16334e-17
1.38778e-17
-4.85723e-17
2.77556e-17
-1.38778e-17
2.77556e-17
0
-4.16334e-17
-1.38778e-17
1.38778e-17
-2.08167e-17
4.16334e-17
-2.08167e-17
2.77556e-17
0
-1.38778e-17
1.73472e-18
-5.20417e-18
2.77556e-17
4.85723e-17
-1.11022e-16
9.02056e-17
-2.77556e-17
4.33681e-17
8.67362e-19
-7.97973e-17
8.67362e-17
-8.32667e-17
-6.93889e-18
2.77556e-17
-5.55112e-17
1.04083e-16
-8.32667e-17
4.16334e-17
0
-1.04083e-17
2.77556e-17
-5.55112e-17
8.32667e-17
-1.11022e-16
6.93889e-17
-6.93889e-18
1.38778e-17
4.16334e-17
-1.38778e-17
-6.93889e-17
6.93889e-17
-7.28584e-17
1.82146e-17
1.38778e-17
-4.85723e-17
1.47451e-17
-4.33681e-18
7.11237e-17
-1.38778e-17
-2.60209e-17
1.38778e-17
1.38778e-17
3.46945e-17
-2.77556e-17
1.38778e-17
-2.77556e-17
3.46945e-17
-2.77556e-17
2.51535e-17
-2.60209e-17
-4.85723e-17
4.85723e-17
3.46945e-17
-4.16334e-17
2.77556e-17
-2.77556e-17
0
-2.08167e-17
1.17961e-16
-7.63278e-17
1.38778e-17
-7.28584e-17
2.77556e-17
0
5.55112e-17
3.46945e-17
6.93889e-18
-5.20417e-17
-3.46945e-17
5.72459e-17
2.1684e-17
3.64292e-17
-1.09288e-16
-3.46945e-18
6.93889e-17
-3.46945e-17
-3.46945e-17
4.85723e-17
-1.38778e-17
-4.16334e-17
6.93889e-17
-6.245e-17
4.85723e-17
5.55112e-17
-5.55112e-17
1.73472e-17
1.38778e-17
-7.11237e-17
7.63278e-17
-9.02056e-17
9.71445e-17
-5.55112e-17
5.55112e-17
-5.55112e-17
-4.16334e-17
-1.38778e-17
4.51028e-17
3.1225e-17
-1.249e-16
7.11237e-17
2.77556e-17
-5.89806e-17
2.08167e-17
6.93889e-17
-1.11022e-16
1.17961e-16
-8.32667e-17
2.77556e-17
1.38778e-17
6.93889e-18
-3.46945e-17
3.81639e-17
-2.77556e-17
5.55112e-17
-9.71445e-17
-2.08167e-17
8.32667e-17
-6.93889e-17
4.16334e-17
-5.55112e-17
-3.46945e-18
-6.93889e-18
0
6.76542e-17
-7.45931e-17
6.59195e-17
-2.77556e-17
-2.77556e-17
5.55112e-17
-2.77556e-17
-2.77556e-17
9.02056e-17
-1.14492e-16
2.77556e-17
3.81639e-17
2.25514e-17
-4.16334e-17
4.16334e-17
2.86229e-17
1.38778e-17
-1.11022e-16
3.81639e-17
-3.46945e-18
0
-1.38778e-17
1.38778e-17
-2.77556e-17
-3.46945e-17
5.55112e-17
2.08167e-17
-2.08167e-17
-1.73472e-17
2.08167e-17
0
4.16334e-17
-8.32667e-17
6.93889e-17
-6.93889e-17
5.55112e-17
-2.77556e-17
0
-2.77556e-17
2.08167e-17
6.245e-17
-7.63278e-17
3.46945e-17
-4.16334e-17
4.16334e-17
-1.38778e-17
-1.30104e-17
2.77556e-17
2.77556e-17
-1.30104e-17
4.16334e-17
-4.85723e-17
3.1225e-17
-2.08167e-17
0
-1.38778e-17
1.38778e-17
-1.9082e-17
2.77556e-17
-1.73472e-17
-2.08167e-17
-5.55112e-17
9.02056e-17
-4.85723e-17
6.59195e-17
-5.55112e-17
-6.93889e-18
2.77556e-17
-2.08167e-17
3.46945e-18
-1.04083e-17
2.77556e-17
-4.16334e-17
-6.93889e-18
3.46945e-18
2.77556e-17
-3.46945e-17
3.1225e-17
-5.20417e-17
1.04083e-17
-1.21431e-17
-1.30104e-18
6.1149e-17
-9.71445e-17
5.37764e-17
-1.73472e-17
-3.1225e-17
7.63278e-17
-3.46945e-17
6.93889e-18
3.46945e-17
-3.81639e-17
1.38778e-17
-5.55112e-17
2.94903e-17
5.20417e-17
-6.76542e-17
0
-3.46945e-18
5.0307e-17
-6.76542e-17
8.32667e-17
2.77556e-17
-1.9082e-17
-6.93889e-18
-2.08167e-17
1.73472e-18
-2.42861e-17
5.37764e-17
-5.72459e-17
-6.93889e-18
2.77556e-17
-3.81639e-17
7.28584e-17
1.38778e-17
-3.64292e-17
-7.63278e-17
5.55112e-17
8.67362e-18
3.46945e-17
-7.97973e-17
2.77556e-17
5.55112e-17
-9.02056e-17
4.85723e-17
-2.77556e-17
6.93889e-18
3.46945e-18
2.77556e-17
0
4.85723e-17
-2.77556e-17
-4.85723e-17
-3.46945e-17
7.80626e-17
-5.20417e-17
-1.38778e-17
6.245e-17
-6.93889e-18
-2.77556e-17
-4.16334e-17
1.17094e-16
-9.71445e-17
1.38778e-17
-3.46945e-18
-2.08167e-17
4.85723e-17
-4.85723e-17
3.81639e-17
0
2.08167e-17
-1.30104e-17
1.9082e-17
-6.59195e-17
3.81639e-17
2.42861e-17
-2.60209e-17
2.08167e-17
1.9082e-17
-1.82146e-17
-6.59195e-17
8.50015e-17
-1.04083e-17
-1.73472e-17
1.99493e-17
-2.34188e-17
4.85723e-17
-2.77556e-17
1.9082e-17
1.56125e-17
-8.67362e-18
-6.59195e-17
6.245e-17
-7.63278e-17
1.64799e-17
-2.77556e-17
4.25007e-17
6.93889e-18
-4.85723e-17
3.81639e-17
5.89806e-17
-7.1991e-17
-2.08167e-17
3.1225e-17
3.46945e-18
6.93889e-18
5.20417e-18
-1.73472e-18
1.73472e-17
4.59702e-17
-1.56125e-17
-1.38778e-17
-2.08167e-17
4.16334e-17
4.16334e-17
-1.04083e-17
-8.67362e-18
-5.0307e-17
5.20417e-17
-7.1991e-17
3.38271e-17
5.55112e-17
-5.20417e-17
6.93889e-18
1.73472e-17
-3.46945e-17
-1.12757e-17
1.73472e-17
7.11237e-17
-3.46945e-17
-5.55112e-17
-1.73472e-17
-1.21431e-17
-3.29597e-17
2.08167e-17
-1.73472e-18
1.73472e-17
3.98986e-17
-2.42861e-17
4.16334e-17
1.38778e-17
-5.55112e-17
1.38778e-17
-1.38778e-17
-6.93889e-18
1.04083e-17
-1.04083e-17
2.77556e-17
-1.82146e-17
5.9848e-17
-1.11022e-16
3.46945e-17
6.93889e-18
0
1.73472e-18
1.9082e-17
-3.20924e-17
4.51028e-17
-1.64799e-17
2.94903e-17
-5.37764e-17
1.30104e-17
2.60209e-17
-6.245e-17
5.46438e-17
-6.93889e-18
-1.38778e-17
5.20417e-18
-4.16334e-17
-6.93889e-18
2.77556e-17
2.77556e-17
4.16334e-17
-2.77556e-17
0
-2.42861e-17
2.08167e-17
-2.77556e-17
-1.21431e-17
2.42861e-17
-1.04083e-17
-5.20417e-18
2.25514e-17
0
-2.42861e-17
1.38778e-17
1.04083e-17
-4.16334e-17
3.46945e-17
-2.25514e-17
1.21431e-17
-2.77556e-17
-1.04083e-17
6.41848e-17
-5.0307e-17
8.67362e-18
2.25514e-17
-1.73472e-17
-4.33681e-18
3.03577e-17
2.77556e-17
-1.73472e-17
-1.56125e-17
3.29597e-17
-5.46438e-17
0
2.60209e-17
3.46945e-18
-2.77556e-17
4.16334e-17
-2.86229e-17
-1.47451e-17
3.20924e-17
3.1225e-17
-3.1225e-17
3.46945e-17
-7.71952e-17
4.0766e-17
-5.46438e-17
3.90313e-17
-2.42861e-17
3.72966e-17
-6.07153e-18
-4.42354e-17
8.1532e-17
-2.94903e-17
-1.73472e-18
-2.60209e-17
4.68375e-17
-5.55112e-17
6.245e-17
-1.04083e-16
0
6.41848e-17
-9.54098e-18
-4.16334e-17
2.25514e-17
-1.38778e-17
1.38778e-17
-2.77556e-17
-5.20417e-18
1.38778e-17
-1.9082e-17
1.21431e-17
-4.85723e-17
1.56125e-17
1.04083e-17
6.41848e-17
-3.1225e-17
4.94396e-17
-6.245e-17
1.56125e-17
-3.46945e-18
-3.46945e-18
-4.42354e-17
2.08167e-17
1.73472e-17
3.90313e-17
-8.32667e-17
5.37764e-17
-4.94396e-17
5.9848e-17
2.08167e-17
2.77556e-17
-6.93889e-18
-3.46945e-17
1.04083e-17
2.60209e-17
-1.38778e-17
5.20417e-17
-1.04083e-17
-8.06646e-17
2.08167e-17
3.55618e-17
-2.42861e-17
1.73472e-17
-3.1225e-17
1.47451e-17
-1.73472e-17
6.93889e-18
-1.04083e-17
1.04083e-17
5.55112e-17
-1.9082e-17
-6.07153e-17
-2.60209e-18
1.38778e-17
-2.42861e-17
9.54098e-17
-8.67362e-18
-6.50521e-17
1.38778e-17
-1.38778e-17
1.04083e-17
0
-2.77556e-17
7.97973e-17
-3.1225e-17
0
1.38778e-17
3.46945e-17
-6.93889e-17
4.85723e-17
1.04083e-17
-5.55112e-17
1.38778e-17
-1.38778e-17
3.46945e-17
-5.55112e-17
0
8.32667e-17
-4.16334e-17
-2.77556e-17
2.08167e-17
7.97973e-17
-1.09288e-16
1.38778e-17
2.77556e-17
3.81639e-17
-6.41848e-17
4.33681e-17
9.54098e-18
-2.77556e-17
-2.77556e-17
-1.38778e-17
1.38778e-17
-1.38778e-17
0
3.98986e-17
-2.08167e-17
-2.08167e-17
2.77556e-17
2.77556e-17
-3.64292e-17
3.64292e-17
-4.68375e-17
1.9082e-17
1.99493e-17
6.93889e-18
-4.85723e-17
6.93889e-17
-1.38778e-17
-7.63278e-17
6.59195e-17
-4.33681e-18
-1.38778e-17
3.1225e-17
-7.28584e-17
1.00614e-16
-8.32667e-17
2.94903e-17
5.55112e-17
-8.32667e-17
4.51028e-17
-3.98986e-17
6.93889e-17
-6.59195e-17
3.46945e-17
2.77556e-17
-3.46945e-18
-3.81639e-17
0
5.55112e-17
-5.0307e-17
-1.21431e-17
5.20417e-18
2.77556e-17
-5.20417e-17
2.08167e-17
3.81639e-17
-4.16334e-17
-1.73472e-17
4.51028e-17
-2.42861e-17
1.38778e-17
2.77556e-17
-6.93889e-18
-6.76542e-17
1.04083e-16
-6.93889e-18
-4.16334e-17
0
-5.0307e-17
6.93889e-17
0
2.77556e-17
-6.59195e-17
-1.38778e-17
6.245e-17
-2.77556e-17
2.77556e-17
-6.245e-17
2.77556e-17
0
-3.46945e-17
4.16334e-17
-3.46945e-17
-3.1225e-17
7.63278e-17
-7.28584e-17
-3.46945e-18
3.46945e-17
6.245e-17
-9.02056e-17
-6.93889e-18
1.00614e-16
-1.05818e-16
9.02056e-17
-8.32667e-17
-3.46945e-18
8.84709e-17
-6.93889e-18
-3.46945e-17
4.85723e-17
-1.38778e-17
0
-7.97973e-17
0
8.32667e-17
-4.16334e-17
-2.77556e-17
6.93889e-17
-7.63278e-17
7.63278e-17
-2.77556e-17
2.77556e-17
0
0
-1.86483e-17
1.30104e-18
2.25514e-17
1.38778e-17
-2.77556e-17
6.93889e-18
4.16334e-17
-2.86229e-17
2.1684e-17
-3.46945e-18
-4.0766e-17
1.73472e-18
3.81639e-17
-4.25007e-17
1.82146e-17
-6.93889e-17
4.85723e-17
2.94903e-17
-2.94903e-17
4.85723e-17
-4.16334e-17
-1.73472e-17
2.77556e-17
-5.0307e-17
2.08167e-17
4.51028e-17
-2.86229e-17
9.54098e-18
-1.9082e-17
8.67362e-19
3.38271e-17
-4.33681e-17
3.29597e-17
-1.99493e-17
5.81132e-17
-8.84709e-17
1.21431e-17
3.64292e-17
-4.59702e-17
2.1684e-17
-1.73472e-18
2.25514e-17
-1.9082e-17
-6.07153e-18
2.60209e-18
-2.77556e-17
2.94903e-17
-8.67362e-19
2.86229e-17
-2.34188e-17
1.12757e-17
-3.64292e-17
3.29597e-17
2.25514e-17
-6.93889e-18
-2.08167e-17
2.94903e-17
-6.76542e-17
1.73472e-18
1.99493e-17
4.42354e-17
-1.04083e-17
-3.98986e-17
3.46945e-17
-1.56125e-17
2.25514e-17
-8.67362e-18
-1.9082e-17
-1.21431e-17
3.03577e-17
5.63785e-18
-5.55112e-17
6.93889e-17
6.93889e-18
-2.77556e-17
-1.56125e-17
2.94903e-17
-8.67362e-19
-4.0766e-17
-5.0307e-17
2.64545e-17
7.45931e-17
-5.89806e-17
7.28584e-17
-2.42861e-17
3.03577e-17
-3.55618e-17
-1.38778e-17
5.55112e-17
-7.63278e-17
4.33681e-17
-3.46945e-17
-2.60209e-17
5.20417e-17
-6.07153e-18
-3.46945e-18
2.94903e-17
-1.11022e-16
1.12757e-16
5.20417e-18
-5.55112e-17
7.45931e-17
1.38778e-17
-5.55112e-17
-6.93889e-17
1.07553e-16
-5.55112e-17
-1.73472e-17
6.41848e-17
-6.41848e-17
7.97973e-17
-8.50015e-17
-1.21431e-17
-2.47198e-17
1.30538e-16
-2.86229e-17
-1.38778e-17
6.07153e-18
-3.46945e-18
0
-7.02563e-17
8.67362e-18
7.28584e-17
6.93889e-18
-8.06646e-17
2.86229e-17
1.56125e-17
-7.28584e-17
7.80626e-17
-2.42861e-17
5.63785e-17
-1.30104e-17
-4.16334e-17
2.94903e-17
1.21431e-17
-7.80626e-18
-4.85723e-17
6.245e-17
-5.0307e-17
2.47198e-17
-3.42608e-17
4.77049e-17
-5.9848e-17
1.47451e-17
8.06646e-17
-1.73472e-17
-3.1225e-17
2.42861e-17
6.07153e-18
-6.245e-17
2.77556e-17
2.25514e-17
-3.72966e-17
1.9082e-17
-5.20417e-18
-1.56125e-17
-2.08167e-17
1.11022e-16
-6.93889e-17
-8.67362e-18
0
-1.38778e-17
4.16334e-17
1.38778e-17
-3.64292e-17
5.20417e-18
-2.77556e-17
2.25514e-17
2.77556e-17
1.73472e-17
3.46945e-18
-4.85723e-17
1.73472e-17
-3.03577e-17
6.93889e-18
4.85723e-17
4.16334e-17
-6.59195e-17
3.1225e-17
-6.59195e-17
2.60209e-17
3.98986e-17
-2.08167e-17
3.1225e-17
-2.77556e-17
-8.67362e-18
-8.67362e-18
2.77556e-17
-2.77556e-17
-1.9082e-17
1.38778e-17
-4.33681e-17
6.07153e-17
-5.0307e-17
1.04083e-17
2.42861e-17
-3.46945e-18
-2.42861e-17
2.77556e-17
2.08167e-17
-4.16334e-17
6.93889e-18
-1.9082e-17
2.77556e-17
-3.64292e-17
2.86229e-17
-1.04083e-17
-4.51028e-17
6.93889e-17
-4.51028e-17
1.30104e-17
5.20417e-18
3.46945e-18
-1.21431e-17
3.46945e-18
1.04083e-17
-1.38778e-17
8.67362e-19
-6.93889e-18
1.38778e-17
1.73472e-17
0
-1.38778e-17
-1.21431e-17
6.93889e-18
2.77556e-17
-6.245e-17
-8.67362e-18
6.245e-17
-6.93889e-17
2.77556e-17
-1.73472e-17
2.42861e-17
-2.25514e-17
5.72459e-17
3.46945e-18
-6.76542e-17
2.77556e-17
-2.08167e-17
2.42861e-17
1.12757e-17
-3.90313e-17
2.42861e-17
-6.93889e-18
2.77556e-17
-5.20417e-18
2.77556e-17
-1.30104e-17
-1.04083e-17
-3.1225e-17
3.1225e-17
-3.29597e-17
3.81639e-17
-1.04083e-17
2.42861e-17
-1.56125e-17
-3.20924e-17
3.46945e-17
0
5.89806e-17
-1.14492e-16
4.33681e-17
1.21431e-17
-1.9082e-17
1.56125e-17
1.56125e-17
-9.54098e-18
-4.59702e-17
4.16334e-17
-1.04083e-17
-1.38778e-17
1.73472e-17
1.73472e-17
-6.93889e-18
1.73472e-17
-3.1225e-17
-3.1225e-17
9.71445e-17
-3.46945e-17
1.38778e-17
-7.63278e-17
5.72459e-17
-2.51535e-17
1.99493e-17
1.38778e-17
6.93889e-18
3.46945e-17
-4.16334e-17
1.38778e-17
3.46945e-18
1.73472e-17
-3.1225e-17
1.73472e-17
2.77556e-17
-2.77556e-17
-1.21431e-17
2.25514e-17
-5.72459e-17
5.72459e-17
-4.42354e-17
0
1.04083e-17
4.51028e-17
-4.85723e-17
2.77556e-17
-2.60209e-18
-2.86229e-17
3.81639e-17
-6.93889e-17
3.1225e-17
1.04083e-17
3.81639e-17
-5.55112e-17
3.64292e-17
-2.77556e-17
2.77556e-17
-1.38778e-17
2.42861e-17
-1.38778e-17
-2.60209e-18
1.04083e-17
-1.47451e-17
-6.93889e-18
1.56125e-17
1.56125e-17
-1.04083e-17
-2.42861e-17
-2.51535e-17
3.03577e-17
0
-2.77556e-17
-2.77556e-17
7.97973e-17
-1.04083e-17
-6.245e-17
5.55112e-17
-1.73472e-17
2.42861e-17
-3.81639e-17
2.42861e-17
-4.16334e-17
1.38778e-17
-1.9082e-17
2.42861e-17
0
-1.56125e-17
-3.98986e-17
5.20417e-17
3.46945e-18
2.08167e-17
-4.85723e-17
5.55112e-17
-5.20417e-17
5.55112e-17
-4.85723e-17
-2.42861e-17
2.77556e-17
-3.46945e-17
4.16334e-17
0
0
3.29597e-17
1.21431e-17
-5.89806e-17
0
5.9848e-17
-3.46945e-17
1.73472e-17
-6.93889e-18
-2.77556e-17
1.73472e-17
5.20417e-17
-3.29597e-17
4.16334e-17
1.38778e-17
-8.50015e-17
2.94903e-17
-2.94903e-17
1.21431e-17
-6.93889e-18
1.04083e-17
3.1225e-17
-1.04083e-17
-2.42861e-17
3.46945e-18
3.46945e-18
3.46945e-18
-6.93889e-18
2.08167e-17
-4.85723e-17
1.04083e-17
2.77556e-17
1.38778e-17
-6.93889e-18
0
-4.16334e-17
5.20417e-17
-1.38778e-17
-6.93889e-18
6.93889e-18
1.21431e-17
-2.08167e-17
8.67362e-18
1.38778e-17
-1.38778e-17
5.20417e-18
-2.25514e-17
4.16334e-17
-4.16334e-17
2.77556e-17
-2.94903e-17
-4.16334e-17
8.32667e-17
-9.02056e-17
5.55112e-17
1.56125e-17
-2.42861e-17
5.20417e-18
-2.42861e-17
4.51028e-17
-3.81639e-17
4.94396e-17
-1.04083e-17
5.20417e-18
-2.42861e-17
6.93889e-18
-3.81639e-17
8.50015e-17
-7.45931e-17
1.04083e-17
1.73472e-17
-2.60209e-17
2.08167e-17
-3.46945e-18
-1.21431e-17
0
-3.1225e-17
5.0307e-17
4.25007e-17
-4.94396e-17
8.67362e-19
4.0766e-17
-2.25514e-17
1.04083e-17
-1.73472e-18
-6.59195e-17
8.84709e-17
-6.41848e-17
3.29597e-17
-6.93889e-18
1.38778e-17
-2.08167e-17
4.85723e-17
-7.28584e-17
5.20417e-17
-8.67362e-18
-3.46945e-18
-1.38778e-17
4.51028e-17
-3.81639e-17
0
4.42354e-17
-5.20417e-17
2.08167e-17
-2.77556e-17
-1.38778e-17
-6.93889e-18
4.16334e-17
5.20417e-18
-6.93889e-18
-1.04083e-17
-1.73472e-17
3.46945e-17
8.67362e-18
-1.21431e-17
-5.89806e-17
7.11237e-17
-1.73472e-17
-2.08167e-17
2.94903e-17
-3.64292e-17
3.46945e-18
1.38778e-17
6.93889e-18
-2.77556e-17
-3.46945e-17
1.04083e-17
0
4.16334e-17
-1.38778e-17
-1.82146e-17
2.77556e-17
-3.03577e-17
1.21431e-17
2.77556e-17
-4.85723e-17
2.77556e-17
-2.42861e-17
3.81639e-17
-3.1225e-17
-3.46945e-17
6.93889e-17
-1.21431e-17
-2.94903e-17
-1.73472e-18
-6.93889e-18
4.51028e-17
2.42861e-17
-1.73472e-17
-2.73219e-17
-1.04083e-17
-1.9082e-17
7.28584e-17
-4.51028e-17
3.1225e-17
-5.55112e-17
2.25514e-17
2.94903e-17
1.38778e-17
-3.46945e-18
-7.28584e-17
4.51028e-17
1.73472e-18
1.21431e-17
3.46945e-18
-2.51535e-17
-1.04083e-17
1.04083e-17
-6.93889e-18
1.56125e-17
-4.16334e-17
3.46945e-17
1.73472e-17
3.1225e-17
-3.1225e-17
-2.77556e-17
3.20924e-17
0
-2.08167e-17
-2.25514e-17
0
2.60209e-17
3.1225e-17
-2.77556e-17
6.93889e-18
-3.46945e-18
2.08167e-17
5.9848e-17
-8.50015e-17
1.38778e-17
-6.93889e-18
-1.73472e-18
-2.08167e-17
4.85723e-17
-2.94903e-17
1.38778e-17
-2.77556e-17
3.1225e-17
-4.85723e-17
1.38778e-17
4.16334e-17
-5.72459e-17
1.21431e-17
3.29597e-17
-6.93889e-18
-5.89806e-17
5.89806e-17
-1.04083e-17
1.73472e-17
1.73472e-17
-4.85723e-17
2.77556e-17
1.17094e-17
-1.56125e-17
2.42861e-17
-5.55112e-17
4.16334e-17
1.04083e-17
0
-1.82146e-17
-2.42861e-17
6.93889e-18
3.03577e-18
7.37257e-18
-1.73472e-18
-6.93889e-18
6.93889e-18
-5.20417e-18
5.55112e-17
-1.04083e-17
-2.08167e-17
1.56125e-17
-3.46945e-17
3.81639e-17
-2.86229e-17
-2.08167e-17
3.1225e-17
-2.08167e-17
1.73472e-18
6.93889e-18
0
-1.73472e-18
5.29091e-17
-2.25514e-17
-3.1225e-17
6.93889e-17
-6.76542e-17
1.73472e-17
-1.73472e-17
6.93889e-18
-1.9082e-17
-1.04083e-17
6.93889e-17
-6.93889e-17
6.59195e-17
-2.77556e-17
-2.51535e-17
7.97973e-17
-5.89806e-17
4.51028e-17
-8.32667e-17
2.77556e-17
-1.64799e-17
-5.20417e-18
5.55112e-17
-3.81639e-17
4.59702e-17
-5.72459e-17
4.85723e-17
-5.20417e-18
-1.38778e-17
-4.51028e-17
4.51028e-17
-3.46945e-18
1.04083e-17
2.94903e-17
-3.81639e-17
-2.42861e-17
2.77556e-17
6.93889e-18
0
3.46945e-17
-9.54098e-18
2.08167e-17
-8.32667e-17
-6.93889e-18
2.77556e-17
-2.08167e-17
4.85723e-17
2.42861e-17
-9.02056e-17
8.32667e-17
-2.08167e-17
0
-1.38778e-17
-2.77556e-17
2.94903e-17
-1.73472e-17
3.46945e-17
-2.42861e-17
-6.93889e-18
0
0
2.77556e-17
2.77556e-17
-2.08167e-17
2.08167e-17
-6.93889e-17
-2.77556e-17
1.00614e-16
-4.51028e-17
5.55112e-17
-2.08167e-17
-2.77556e-17
4.85723e-17
-2.77556e-17
-5.55112e-17
-2.08167e-17
9.02056e-17
6.93889e-18
-8.32667e-17
-5.55112e-17
4.16334e-17
2.77556e-17
3.1225e-17
3.1225e-17
-7.80626e-17
-2.08167e-17
0
3.46945e-18
9.02056e-17
-1.04083e-17
-3.46945e-18
1.64799e-17
-9.88792e-17
0
-2.77556e-17
5.55112e-17
1.38778e-17
5.37764e-17
-3.72966e-17
-8.32667e-17
4.51028e-17
-4.51028e-17
5.55112e-17
6.93889e-18
-5.55112e-17
0
-8.67362e-18
2.08167e-17
-6.93889e-18
4.0766e-17
5.20417e-17
-1.17961e-16
1.05818e-16
-6.245e-17
6.41848e-17
-9.71445e-17
5.37764e-17
-2.08167e-17
-1.38778e-17
4.85723e-17
-3.46945e-17
3.29597e-17
-2.08167e-17
0
2.77556e-17
-1.38778e-17
-3.46945e-17
0
3.46945e-17
-4.16334e-17
7.63278e-17
-4.85723e-17
-1.04083e-17
-1.38778e-17
1.38778e-17
-1.38778e-17
1.38778e-17
5.55112e-17
-6.93889e-17
3.90313e-17
3.46945e-17
-6.245e-17
-3.46945e-17
5.55112e-17
-1.38778e-17
-1.04083e-17
5.55112e-17
-6.93889e-18
-8.32667e-17
9.02056e-17
-7.63278e-17
-1.9082e-17
-2.42861e-17
9.71445e-17
-7.63278e-17
1.04083e-17
-2.08167e-17
9.36751e-17
-3.81639e-17
-5.72459e-17
9.71445e-17
-4.85723e-17
2.77556e-17
-2.08167e-17
1.38778e-17
1.38778e-17
-3.81639e-17
-4.16334e-17
3.46945e-17
5.55112e-17
-7.63278e-17
1.21431e-17
0
2.08167e-17
2.77556e-17
-5.55112e-17
6.93889e-18
-2.08167e-17
5.55112e-17
1.38778e-17
-3.29597e-17
-2.77556e-17
-1.38778e-17
8.32667e-17
-7.63278e-17
-2.42861e-17
3.29597e-17
-3.29597e-17
3.46945e-17
0
-3.46945e-17
-6.93889e-18
6.93889e-18
3.46945e-17
3.81639e-17
0
2.08167e-17
0
-6.245e-17
1.21431e-17
-3.55618e-17
1.38778e-17
5.55112e-17
-1.38778e-17
-2.08167e-17
4.16334e-17
-4.16334e-17
-3.46945e-17
8.32667e-17
-8.32667e-17
2.77556e-17
5.55112e-17
-9.02056e-17
5.55112e-17
4.51028e-17
-8.32667e-17
5.55112e-17
-6.93889e-17
9.71445e-17
-9.71445e-17
1.11022e-16
-9.02056e-17
-2.77556e-17
-1.04083e-17
1.14492e-16
-1.73472e-17
0
6.93889e-18
-4.16334e-17
2.42861e-17
6.93889e-18
-3.46945e-17
2.77556e-17
-6.93889e-18
2.08167e-17
-7.63278e-17
5.55112e-17
-2.42861e-17
-4.85723e-17
1.11022e-16
-4.85723e-17
0
-4.85723e-17
5.55112e-17
6.93889e-18
4.16334e-17
-1.11022e-16
8.32667e-17
-5.37764e-17
5.89806e-17
-4.16334e-17
6.93889e-18
-8.67362e-18
1.38778e-17
0
1.38778e-17
-6.93889e-18
-2.77556e-17
0
2.77556e-17
-6.93889e-17
8.32667e-17
-4.16334e-17
2.08167e-17
-4.16334e-17
1.38778e-17
-4.16334e-17
8.67362e-17
-1.73472e-17
2.60209e-17
-6.93889e-17
5.20417e-17
2.42861e-17
-7.80626e-18
-9.02056e-17
0
0
4.16334e-17
-5.55112e-17
0
9.02056e-17
-4.16334e-17
-4.16334e-17
-1.38778e-17
4.85723e-17
-4.16334e-17
6.93889e-18
7.63278e-17
-1.38778e-17
-6.245e-17
6.93889e-17
-2.77556e-17
-2.77556e-17
6.93889e-18
1.38778e-17
2.68882e-17
6.93889e-18
-2.08167e-17
-1.38778e-17
3.1225e-17
-4.51028e-17
2.60209e-17
-4.25007e-17
4.16334e-17
-1.38778e-17
3.46945e-17
-5.20417e-18
-1.38778e-17
-3.46945e-17
5.55112e-17
-4.85723e-17
6.93889e-17
-9.36751e-17
2.08167e-17
6.07153e-18
-5.0307e-17
7.63278e-17
-2.60209e-17
1.82146e-17
2.77556e-17
-4.85723e-17
-1.21431e-17
2.77556e-17
1.38778e-17
1.38778e-17
-6.245e-17
1.73472e-17
-1.04083e-17
-6.93889e-18
3.29597e-17
-2.77556e-17
-5.55112e-17
5.37764e-17
2.08167e-17
-5.55112e-17
2.08167e-17
-3.46945e-17
0
4.16334e-17
-6.76542e-17
5.55112e-17
0
-6.41848e-17
2.60209e-17
-1.04083e-17
2.25514e-17
-3.1225e-17
7.63278e-17
-5.55112e-17
0
6.93889e-18
6.93889e-18
3.1225e-17
-1.38778e-17
-1.73472e-17
6.93889e-18
-5.55112e-17
4.51028e-17
-6.93889e-18
-2.08167e-17
6.93889e-18
6.93889e-18
0
-3.1225e-17
2.60209e-17
1.73472e-17
-3.46945e-17
-6.93889e-18
6.245e-17
-2.42861e-17
-8.67362e-19
-4.94396e-17
6.50521e-17
-5.63785e-17
1.64799e-17
1.04083e-17
-5.9848e-17
4.77049e-17
-6.07153e-18
-4.33681e-17
9.71445e-17
-4.51028e-17
2.1684e-17
1.64799e-17
-2.25514e-17
-1.56125e-17
-2.08167e-17
6.93889e-18
-6.93889e-18
1.73472e-17
-3.46945e-18
-2.60209e-17
6.15827e-17
-1.04083e-17
6.07153e-18
-2.51535e-17
-4.33681e-18
5.55112e-17
-2.77556e-17
0
2.77556e-17
-6.07153e-17
8.67362e-18
5.89806e-17
-5.46438e-17
2.68882e-17
-8.67362e-18
1.21431e-17
-5.20417e-17
-6.07153e-18
1.38778e-17
1.30104e-17
5.46438e-17
-8.67362e-18
-1.64799e-17
2.60209e-18
1.38778e-17
-4.59702e-17
3.72966e-17
-3.29597e-17
-5.20417e-18
6.93889e-18
0
-8.93383e-17
1.14492e-16
-2.77556e-17
1.73472e-18
-2.25514e-17
6.245e-17
-4.0766e-17
-1.73472e-17
-2.08167e-17
7.63278e-17
-8.32667e-17
8.1532e-17
-3.1225e-17
-1.21431e-17
1.73472e-18
4.68375e-17
-8.67362e-17
5.55112e-17
-2.51535e-17
3.46945e-17
-6.07153e-18
-5.55112e-17
4.68375e-17
-2.25514e-17
2.42861e-17
4.33681e-18
-6.93889e-18
3.03577e-17
1.73472e-18
-3.20924e-17
-2.25514e-17
5.63785e-17
-2.51535e-17
2.68882e-17
2.25514e-17
1.04083e-17
-2.94903e-17
1.21431e-17
-1.73472e-18
-1.12757e-17
-5.37764e-17
1.56125e-17
2.42861e-17
-8.67362e-18
-2.77556e-17
-3.46945e-18
2.25514e-17
-3.81639e-17
5.20417e-17
1.04083e-17
-8.41341e-17
7.45931e-17
-8.67362e-18
0
-3.81639e-17
3.64292e-17
1.21431e-17
-5.37764e-17
3.46945e-18
5.55112e-17
-4.85723e-17
7.97973e-17
-6.245e-17
-2.77556e-17
-1.38778e-17
6.245e-17
3.46945e-18
4.16334e-17
-7.80626e-17
5.55112e-17
-1.38778e-17
2.08167e-17
-7.28584e-17
6.93889e-18
-2.77556e-17
8.32667e-17
5.20417e-18
-3.46945e-17
4.16334e-17
1.30104e-17
0
-1.04083e-17
-6.245e-17
7.28584e-17
-1.11022e-16
6.93889e-17
2.08167e-17
-6.93889e-17
1.11022e-16
-9.71445e-17
1.38778e-17
1.38778e-17
2.77556e-17
-6.245e-17
1.73472e-17
6.93889e-18
-7.80626e-18
9.02056e-17
-4.16334e-17
-6.93889e-17
3.46945e-17
-2.77556e-17
-2.77556e-17
1.14492e-16
-3.81639e-17
3.46945e-17
-3.46945e-17
-3.46945e-17
-1.21431e-17
6.93889e-17
-6.93889e-17
-4.51028e-17
2.77556e-17
2.60209e-17
4.85723e-17
-9.71445e-17
6.93889e-17
-6.245e-17
6.245e-17
3.98986e-17
-5.55112e-17
2.42861e-17
1.38778e-17
-1.38778e-17
-6.93889e-17
2.08167e-17
4.68375e-17
3.46945e-17
-7.63278e-17
-7.80626e-18
6.93889e-18
6.245e-17
-7.63278e-17
6.245e-17
-3.46945e-17
4.16334e-17
-6.93889e-18
-2.77556e-17
-6.93889e-17
0
1.38778e-17
1.04083e-17
-2.77556e-17
9.71445e-17
0
-7.80626e-17
3.81639e-17
2.77556e-17
-6.93889e-18
3.29597e-17
-4.85723e-17
6.93889e-18
-6.93889e-18
-8.67362e-19
-4.33681e-17
2.77556e-17
4.16334e-17
3.46945e-18
-2.77556e-17
0
4.16334e-17
-4.16334e-17
-5.55112e-17
6.93889e-17
-1.9082e-17
1.21431e-17
-3.81639e-17
1.38778e-17
1.38778e-17
3.46945e-18
-1.04083e-17
1.38778e-17
-5.55112e-17
6.245e-17
-1.38778e-17
-1.47451e-17
2.77556e-17
2.77556e-17
5.63785e-18
6.93889e-18
-1.38778e-17
-8.67362e-19
-2.08167e-17
1.38778e-17
0
2.08167e-17
-6.93889e-18
-2.08167e-17
4.16334e-17
-3.20924e-17
-3.81639e-17
4.94396e-17
0
-1.38778e-17
0
-4.16334e-17
5.55112e-17
-6.93889e-18
-1.21431e-17
-6.93889e-18
1.04083e-17
1.38778e-17
0
-3.1225e-17
3.46945e-18
5.55112e-17
-1.04083e-17
1.21431e-17
-7.63278e-17
-2.08167e-17
6.59195e-17
-6.93889e-18
4.51028e-17
-8.32667e-17
-3.46945e-17
8.32667e-17
-5.72459e-17
-2.51535e-17
6.41848e-17
-3.81639e-17
6.85216e-17
-2.94903e-17
8.1532e-17
-8.32667e-17
4.51028e-17
-4.16334e-17
3.81639e-17
-8.1532e-17
4.68375e-17
-6.93889e-18
3.46945e-17
-3.46945e-18
0
-1.04083e-17
6.245e-17
-4.85723e-17
0
6.07153e-18
2.08167e-17
-1.38778e-17
7.63278e-17
-4.51028e-17
4.16334e-17
-1.38778e-17
0
-4.16334e-17
3.46945e-17
-5.55112e-17
5.55112e-17
-6.93889e-18
-2.42861e-17
5.55112e-17
-1.73472e-17
3.81639e-17
-4.16334e-17
-2.77556e-17
5.20417e-17
-6.93889e-18
0
-7.80626e-18
-9.54098e-18
5.20417e-18
2.25514e-17
-5.0307e-17
0
5.20417e-17
-8.84709e-17
2.08167e-17
3.98986e-17
8.67362e-18
-1.56125e-17
1.99493e-17
-4.16334e-17
5.37764e-17
-3.29597e-17
-1.38778e-17
-3.46945e-17
7.63278e-17
-4.85723e-17
1.38778e-17
5.20417e-18
-3.81639e-17
3.29597e-17
-1.82146e-17
4.51028e-17
1.73472e-17
0
-1.04083e-17
-1.64799e-17
-3.46945e-18
1.04083e-17
-2.42861e-17
6.93889e-18
-5.20417e-18
1.9082e-17
3.46945e-18
-1.99493e-17
2.08167e-17
-4.51028e-17
2.77556e-17
4.33681e-17
-1.11022e-16
5.20417e-17
-2.08167e-17
-2.77556e-17
4.0766e-17
2.86229e-17
-6.93889e-17
0
2.77556e-17
4.16334e-17
-4.33681e-17
0
-8.67362e-19
5.55112e-17
-8.32667e-17
6.245e-17
0
-4.85723e-17
1.04083e-17
5.37764e-17
-3.46945e-17
6.93889e-18
-2.08167e-17
3.55618e-17
-7.80626e-18
-6.93889e-18
3.46945e-18
0
2.08167e-17
3.1225e-17
1.73472e-17
-2.1684e-17
-1.9082e-17
2.25514e-17
-1.47451e-17
-2.77556e-17
-2.94903e-17
-1.9082e-17
4.16334e-17
7.11237e-17
-3.1225e-17
-1.21431e-17
-1.38778e-17
-3.46945e-17
7.45931e-17
-2.60209e-17
1.38778e-17
-1.73472e-17
6.93889e-18
-3.1225e-17
5.72459e-17
-1.00614e-16
9.54098e-17
-7.28584e-17
8.32667e-17
-4.16334e-17
6.245e-17
-3.72966e-17
-1.73472e-17
-1.04083e-17
6.93889e-18
2.77556e-17
-2.42861e-17
-3.1225e-17
2.77556e-17
3.55618e-17
-5.55112e-17
4.51028e-17
-3.03577e-17
2.86229e-17
-1.47451e-17
-4.85723e-17
5.29091e-17
-3.46945e-18
-1.56125e-17
1.82146e-17
-1.47451e-17
-3.46945e-18
2.08167e-17
-1.21431e-17
-1.04083e-17
-2.77556e-17
4.51028e-17
2.42861e-17
-3.16587e-17
-1.9082e-17
-4.85723e-17
5.89806e-17
-2.86229e-17
5.89806e-17
-2.77556e-17
5.20417e-18
8.67362e-18
-2.77556e-17
3.46945e-18
4.16334e-17
-8.50015e-17
5.11743e-17
-3.81639e-17
1.73472e-17
-5.20417e-18
-2.08167e-17
6.33174e-17
-1.04083e-17
2.42861e-17
-5.55112e-17
-6.93889e-18
3.81639e-17
1.56125e-17
-1.9082e-17
3.46945e-17
-7.1991e-17
3.46945e-17
1.38778e-17
-6.93889e-18
1.38778e-17
-1.04083e-17
-2.08167e-17
-1.21431e-17
1.21431e-17
-6.93889e-18
1.21431e-17
6.93889e-18
-1.38778e-17
6.93889e-18
-6.59195e-17
9.88792e-17
-4.33681e-17
-3.29597e-17
3.72966e-17
-2.08167e-17
1.47451e-17
-1.73472e-17
-1.38778e-17
3.1225e-17
-2.77556e-17
3.29597e-17
-5.20417e-18
2.25514e-17
3.64292e-17
-7.80626e-18
-9.54098e-18
3.03577e-17
-7.63278e-17
-2.77556e-17
4.51028e-17
-1.73472e-17
5.37764e-17
-9.19403e-17
2.77556e-17
6.93889e-18
4.68375e-17
1.38778e-17
-2.42861e-17
-9.02056e-17
4.68375e-17
-1.73472e-18
4.85723e-17
-4.16334e-17
0
3.46945e-18
3.03577e-17
0
8.67362e-18
-1.38778e-17
8.67362e-19
-7.80626e-18
2.77556e-17
-6.15827e-17
3.46945e-18
3.46945e-17
-1.04083e-17
-2.60209e-18
-4.16334e-17
2.77556e-17
1.9082e-17
-2.77556e-17
1.04083e-17
-5.29091e-17
4.85723e-17
-1.04083e-17
1.21431e-17
-1.73472e-18
-1.38778e-17
1.38778e-17
3.46945e-17
1.04083e-17
-2.34188e-17
-5.11743e-17
2.51535e-17
9.54098e-18
-1.9082e-17
-3.46945e-18
4.85723e-17
-5.89806e-17
1.99493e-17
2.25514e-17
-2.42861e-17
1.73472e-17
2.08167e-17
-4.94396e-17
4.85723e-17
-8.67362e-18
-5.72459e-17
2.08167e-17
-8.67362e-18
-2.77556e-17
5.20417e-17
-1.38778e-17
5.55112e-17
-5.29091e-17
-3.46945e-18
-6.93889e-18
1.38778e-17
2.77556e-17
-2.42861e-17
-4.33681e-18
-3.46945e-18
3.1225e-17
-2.25514e-17
4.68375e-17
-3.38271e-17
-3.1225e-17
4.16334e-17
5.37764e-17
-9.97466e-17
2.77556e-17
-4.51028e-17
3.81639e-17
6.41848e-17
-8.32667e-17
7.28584e-17
0
2.60209e-18
-4.85723e-17
2.77556e-17
1.04083e-17
1.38778e-17
-3.98986e-17
-2.60209e-17
4.51028e-17
2.34188e-17
-1.99493e-17
-1.47451e-17
-2.08167e-17
-4.16334e-17
8.67362e-17
1.73472e-17
-9.02056e-17
-1.73472e-17
2.77556e-17
1.04083e-17
-2.42861e-17
2.25514e-17
1.73472e-18
6.76542e-17
-3.64292e-17
1.82146e-17
-4.59702e-17
-3.46945e-18
3.46945e-18
1.30104e-17
-1.04083e-17
1.82146e-17
-6.93889e-18
-5.72459e-17
3.81639e-17
1.9082e-17
-3.46945e-18
3.46945e-18
-5.46438e-17
4.0766e-17
-5.20417e-18
-2.77556e-17
2.60209e-17
2.08167e-17
-5.89806e-17
3.81639e-17
-6.07153e-18
4.51028e-17
1.21431e-17
-5.55112e-17
-3.64292e-17
4.51028e-17
-6.93889e-18
-4.59702e-17
6.93889e-17
-2.25514e-17
-1.73472e-17
-8.67362e-18
-3.55618e-17
8.1532e-17
-5.55112e-17
2.77556e-17
3.03577e-17
-3.29597e-17
-8.67362e-19
3.29597e-17
-2.25514e-17
-1.04083e-17
6.93889e-18
-3.46945e-18
-4.51028e-17
6.85216e-17
-3.46945e-17
4.0766e-17
2.94903e-17
-8.32667e-17
3.72966e-17
3.46945e-18
6.93889e-18
-2.08167e-17
2.68882e-17
-3.81639e-17
-1.73472e-17
2.77556e-17
2.08167e-17
-6.93889e-18
0
-3.1225e-17
4.16334e-17
-2.60209e-18
4.68375e-17
-4.85723e-17
-6.93889e-18
-1.04083e-17
-1.9082e-17
1.9082e-17
-6.93889e-18
-5.20417e-17
2.94903e-17
4.68375e-17
-1.64799e-17
1.04083e-17
4.16334e-17
-4.94396e-17
-3.20924e-17
5.20417e-17
-4.16334e-17
2.25514e-17
-1.73472e-18
-3.20924e-17
-1.21431e-17
0
2.94903e-17
-1.04083e-17
1.38778e-17
-8.67362e-18
3.72966e-17
6.93889e-18
-3.98986e-17
3.72966e-17
-6.67869e-17
2.42861e-17
1.04083e-17
8.67362e-18
-5.72459e-17
4.68375e-17
1.56125e-17
-2.25514e-17
6.41848e-17
-5.55112e-17
-2.94903e-17
4.25007e-17
-1.21431e-17
-1.73472e-18
-2.77556e-17
2.77556e-17
8.84709e-17
-9.71445e-17
7.80626e-17
-4.25007e-17
-2.68882e-17
2.42861e-17
1.38778e-17
-1.47451e-17
-8.67362e-18
3.46945e-17
-6.93889e-18
-6.93889e-18
1.04083e-17
6.07153e-18
-3.98986e-17
1.73472e-17
-2.77556e-17
2.86229e-17
-6.93889e-17
9.36751e-17
6.93889e-18
-1.73472e-17
-3.98986e-17
5.37764e-17
-5.29091e-17
6.245e-17
-1.38778e-17
-4.51028e-17
3.46945e-17
-5.20417e-17
4.16334e-17
6.93889e-18
-4.16334e-17
3.1225e-17
3.81639e-17
-2.08167e-17
3.46945e-17
-7.63278e-17
2.25514e-17
1.47451e-17
2.94903e-17
-2.77556e-17
1.73472e-17
6.93889e-18
-4.16334e-17
2.86229e-17
-2.68882e-17
5.20417e-17
-4.51028e-17
6.245e-17
-3.1225e-17
-6.93889e-18
1.38778e-17
-8.67362e-18
2.08167e-17
5.20417e-18
-6.93889e-17
5.55112e-17
-2.08167e-17
2.08167e-17
-1.64799e-17
2.08167e-17
-5.55112e-17
6.93889e-17
-3.46945e-18
1.04083e-17
-1.21431e-17
-4.94396e-17
0
6.245e-17
0
3.46945e-18
-3.98986e-17
-1.30104e-17
5.89806e-17
-3.98986e-17
2.08167e-17
-1.73472e-18
-6.93889e-18
0
1.73472e-17
2.77556e-17
-3.98986e-17
-3.81639e-17
4.16334e-17
3.29597e-17
-1.56125e-17
-2.1684e-17
1.82146e-17
-4.16334e-17
2.94903e-17
-3.38271e-17
3.46945e-18
-3.46945e-17
3.20924e-17
4.33681e-18
2.94903e-17
-8.67362e-18
-6.93889e-18
-1.04083e-17
3.81639e-17
-5.20417e-17
3.46945e-17
-1.9082e-17
-3.1225e-17
-2.42861e-17
0
1.11022e-16
-8.67362e-17
3.46945e-18
6.93889e-18
2.77556e-17
-1.04083e-17
1.04083e-17
1.04083e-17
4.51028e-17
-6.93889e-17
3.46945e-18
4.33681e-17
-2.25514e-17
9.54098e-18
8.67362e-19
-2.08167e-17
-5.72459e-17
5.37764e-17
1.73472e-17
-3.46945e-18
-2.08167e-17
5.89806e-17
-5.9848e-17
4.77049e-17
-1.04083e-17
-3.90313e-17
3.81639e-17
-2.42861e-17
-1.04083e-17
-6.07153e-18
2.08167e-17
2.25514e-17
-5.89806e-17
2.94903e-17
-3.46945e-18
-3.64292e-17
6.85216e-17
-2.60209e-17
6.93889e-17
-6.93889e-17
2.60209e-18
1.12757e-17
2.08167e-17
-1.73472e-17
-1.04083e-17
2.77556e-17
-2.25514e-17
-2.42861e-17
1.21431e-17
2.25514e-17
-2.94903e-17
1.38778e-17
-1.04083e-17
2.77556e-17
-7.80626e-18
-2.77556e-17
1.21431e-17
-3.46945e-18
-1.9082e-17
2.77556e-17
-6.41848e-17
6.59195e-17
-7.97973e-17
7.37257e-17
-3.29597e-17
3.81639e-17
-1.73472e-17
-5.55112e-17
2.77556e-17
6.67869e-17
-5.72459e-17
2.77556e-17
-1.38778e-17
2.94903e-17
-2.77556e-17
3.1225e-17
-2.77556e-17
-1.38778e-17
-1.04083e-17
2.60209e-17
-1.47451e-17
3.72966e-17
4.33681e-18
-2.08167e-17
6.93889e-18
-6.93889e-18
-6.93889e-17
1.11022e-16
-6.59195e-17
1.30104e-17
-5.20417e-18
-1.21431e-17
3.1225e-17
1.38778e-17
1.38778e-17
-7.63278e-17
0
4.85723e-17
1.73472e-18
-6.245e-17
2.42861e-17
-4.16334e-17
2.08167e-17
2.08167e-17
1.38778e-17
2.42861e-17
-4.16334e-17
2.42861e-17
-5.72459e-17
8.32667e-17
-6.245e-17
8.32667e-17
-3.46945e-18
-5.20417e-18
-3.46945e-18
-5.20417e-17
5.37764e-17
-5.37764e-17
1.73472e-17
6.93889e-18
-6.93889e-18
8.67362e-18
-1.21431e-17
0
2.77556e-17
0
-3.81639e-17
5.55112e-17
-2.77556e-17
4.94396e-17
-4.16334e-17
1.73472e-17
-5.37764e-17
6.245e-17
-6.93889e-18
-2.77556e-17
6.93889e-18
4.85723e-17
-2.77556e-17
2.08167e-17
-2.08167e-17
2.08167e-17
-3.29597e-17
3.81639e-17
-4.85723e-17
6.15827e-17
-5.20417e-17
1.99493e-17
-1.21431e-17
6.41848e-17
-5.89806e-17
5.20417e-18
1.21431e-17
-3.38271e-17
2.1684e-17
1.73472e-17
-5.55112e-17
8.1532e-17
-6.76542e-17
2.60209e-17
-1.04083e-17
3.29597e-17
-3.1225e-17
1.73472e-18
-2.08167e-17
2.60209e-17
5.20417e-17
-9.54098e-17
4.85723e-17
1.38778e-17
1.04083e-17
-6.93889e-17
8.32667e-17
-1.38778e-17
3.46945e-18
-4.25007e-17
6.245e-17
-2.77556e-17
-3.38271e-17
6.245e-17
-4.68375e-17
-2.08167e-17
-5.20417e-18
-1.73472e-18
4.68375e-17
-3.20924e-17
-4.33681e-18
-4.16334e-17
4.68375e-17
1.64799e-17
1.21431e-17
-1.56125e-17
2.25514e-17
-5.37764e-17
6.93889e-17
-2.08167e-17
-3.46945e-18
-1.04083e-17
-2.42861e-17
2.08167e-17
1.38778e-17
-6.93889e-18
2.08167e-17
-1.04083e-17
0
1.38778e-17
-1.38778e-17
-8.67362e-18
-5.89806e-17
8.32667e-17
-2.77556e-17
-1.38778e-17
3.81639e-17
-5.55112e-17
0
-2.77556e-17
-6.93889e-18
2.77556e-17
2.77556e-17
4.16334e-17
-1.38778e-17
-6.93889e-18
-8.32667e-17
2.08167e-17
1.73472e-17
-6.93889e-18
6.93889e-18
-6.245e-17
4.85723e-17
-2.08167e-17
2.77556e-17
-6.245e-17
3.46945e-17
4.16334e-17
-5.55112e-17
6.93889e-17
-5.20417e-17
6.245e-17
1.38778e-17
-2.77556e-17
0
-5.55112e-17
8.84709e-17
0
-8.32667e-17
2.77556e-17
0
4.16334e-17
-6.93889e-17
-6.93889e-18
1.38778e-17
0
-1.04083e-17
-2.08167e-17
5.20417e-17
-2.68882e-17
3.20924e-17
-4.16334e-17
2.08167e-17
2.42861e-17
-4.16334e-17
3.03577e-17
-1.9082e-17
1.38778e-17
-3.81639e-17
5.20417e-17
-6.07153e-18
2.08167e-17
-2.94903e-17
1.73472e-17
-1.04083e-17
5.37764e-17
-5.11743e-17
-5.20417e-18
8.67362e-18
-2.34188e-17
6.93889e-18
8.67362e-18
-1.73472e-18
-3.46945e-17
8.50015e-17
-1.56125e-17
-9.02056e-17
6.245e-17
-1.64799e-17
-2.25514e-17
6.245e-17
-2.60209e-18
-6.07153e-18
-1.12757e-17
3.46945e-18
-7.80626e-18
-3.55618e-17
7.89299e-17
-6.59195e-17
5.89806e-17
-6.245e-17
8.32667e-17
-9.28077e-17
3.38271e-17
4.25007e-17
-1.12757e-17
-3.46945e-18
3.46945e-18
-1.30104e-17
-9.54098e-18
-1.82146e-17
-3.38271e-17
3.46945e-17
-3.46945e-17
-1.47451e-17
8.23994e-17
-5.0307e-17
-3.46945e-18
-2.60209e-17
4.68375e-17
-3.46945e-18
-4.16334e-17
6.67869e-17
-2.51535e-17
-1.38778e-17
-2.77556e-17
6.07153e-17
-1.73472e-18
-2.51535e-17
-2.1684e-17
3.98986e-17
1.38778e-17
-4.0766e-17
7.37257e-17
-1.04083e-16
1.07553e-16
-6.41848e-17
1.38778e-17
6.245e-17
-6.245e-17
0
-2.77556e-17
4.85723e-17
5.55112e-17
-4.85723e-17
0
6.93889e-17
-4.51028e-17
4.16334e-17
-8.1532e-17
6.245e-17
-3.46945e-17
1.04083e-17
2.77556e-17
-1.38778e-17
-7.63278e-17
9.02056e-17
-7.63278e-17
9.02056e-17
-1.04083e-16
1.00614e-16
-3.46945e-18
-4.16334e-17
-6.93889e-17
6.93889e-17
-2.42861e-17
-1.12757e-17
5.55112e-17
-3.38271e-17
-4.16334e-17
6.93889e-17
-5.55112e-17
3.46945e-17
-6.59195e-17
1.11022e-16
-4.25007e-17
1.38778e-17
-4.85723e-17
2.08167e-17
-2.77556e-17
-2.77556e-17
8.32667e-17
2.77556e-17
-9.71445e-17
7.63278e-17
6.93889e-18
-6.93889e-17
1.38778e-17
4.16334e-17
-4.85723e-17
2.77556e-17
-2.77556e-17
3.46945e-18
3.46945e-17
-5.89806e-17
3.46945e-18
3.46945e-17
-4.16334e-17
6.245e-17
-5.55112e-17
4.16334e-17
-4.85723e-17
1.12757e-17
7.11237e-17
-6.93889e-18
1.73472e-18
-9.02056e-17
7.63278e-17
2.08167e-17
-1.01481e-16
1.11022e-16
-5.72459e-17
-4.16334e-17
4.16334e-17
-6.93889e-18
0
4.85723e-17
6.93889e-18
-3.1225e-17
-5.55112e-17
1.04083e-16
-4.16334e-17
-2.08167e-17
-9.54098e-18
5.55112e-17
-6.93889e-17
4.16334e-17
-5.55112e-17
6.93889e-17
0
1.38778e-17
3.46945e-17
-1.38778e-17
-2.77556e-17
3.46945e-18
2.77556e-17
-7.11237e-17
-1.38778e-17
1.04083e-16
-2.08167e-17
-3.55618e-17
4.51028e-17
-1.38778e-17
-3.1225e-17
6.93889e-18
4.85723e-17
6.93889e-18
-7.63278e-17
4.16334e-17
-5.72459e-17
8.32667e-17
-5.89806e-17
-3.46945e-18
3.46945e-17
3.46945e-17
-1.47451e-17
-2.77556e-17
0
2.77556e-17
4.51028e-17
-4.85723e-17
0
-2.77556e-17
6.93889e-18
6.245e-17
-3.46945e-17
-4.85723e-17
4.16334e-17
-4.85723e-17
1.00614e-16
-8.32667e-17
6.245e-17
-6.59195e-17
1.82146e-17
4.16334e-17
-6.93889e-18
-1.38778e-17
-4.16334e-17
8.32667e-17
-4.16334e-17
-2.25514e-17
6.245e-17
-8.67362e-18
-7.28584e-17
4.77049e-17
-4.42354e-17
6.59195e-17
-6.93889e-17
0
6.93889e-18
3.46945e-17
-4.85723e-17
6.93889e-17
2.77556e-17
-9.71445e-17
2.77556e-17
-2.94903e-17
1.04083e-17
-2.08167e-17
6.245e-17
-7.97973e-17
5.29091e-17
-4.16334e-17
5.72459e-17
-6.93889e-17
1.14492e-16
-1.38778e-17
-7.97973e-17
8.32667e-17
-3.64292e-17
-2.08167e-17
8.32667e-17
-9.36751e-17
1.38778e-17
5.55112e-17
-6.245e-17
7.97973e-17
-1.04083e-17
-3.46945e-17
3.1225e-17
-4.85723e-17
2.77556e-17
4.16334e-17
0
-6.93889e-17
-1.9082e-17
0
1.38778e-17
8.67362e-17
-9.97466e-17
-7.80626e-18
6.245e-17
0
-7.63278e-17
0
1.38778e-16
-4.16334e-17
2.08167e-17
-9.02056e-17
5.55112e-17
-4.16334e-17
6.41848e-17
-4.51028e-17
2.77556e-17
-2.42861e-17
9.54098e-18
5.20417e-17
-1.19696e-16
9.54098e-18
2.77556e-17
-1.9082e-17
3.46945e-17
0
-6.93889e-18
2.25514e-17
-3.46945e-17
4.16334e-17
-2.77556e-17
2.77556e-17
-7.28584e-17
8.58688e-17
-1.38778e-17
-1.56125e-17
6.245e-17
6.93889e-18
-1.14492e-16
6.93889e-18
-1.56125e-17
2.77556e-17
5.55112e-17
8.67362e-18
-2.08167e-17
-2.77556e-17
6.245e-17
-3.1225e-17
0
-1.38778e-17
-4.16334e-17
1.38778e-17
4.51028e-17
1.38778e-17
-2.25514e-17
-6.59195e-17
6.76542e-17
0
7.80626e-18
-2.77556e-17
3.46945e-17
-8.93383e-17
9.1073e-18
7.069e-17
-1.82146e-17
3.81639e-17
-8.67362e-19
-2.94903e-17
2.25514e-17
-3.81639e-17
-2.25514e-17
-2.1684e-17
7.71952e-17
-6.67869e-17
1.38778e-17
0
4.68375e-17
2.08167e-17
-3.46945e-17
-1.38778e-17
3.46945e-17
3.46945e-17
-6.67869e-17
1.38778e-17
4.16334e-17
-1.38778e-17
-3.46945e-17
4.16334e-17
-2.77556e-17
-2.08167e-17
6.245e-17
-5.55112e-17
1.38778e-17
2.08167e-17
-5.55112e-17
-3.1225e-17
2.77556e-17
-2.77556e-17
7.63278e-17
-1.38778e-17
1.73472e-17
-8.84709e-17
1.73472e-17
1.73472e-17
4.85723e-17
6.93889e-18
2.42861e-17
-4.85723e-17
-1.73472e-18
-2.25514e-17
5.55112e-17
-8.32667e-17
8.32667e-17
-5.63785e-17
2.08167e-17
1.38778e-17
0
1.04083e-17
-1.04083e-17
-2.08167e-17
-5.55112e-17
-6.93889e-18
8.32667e-17
1.38778e-17
-9.02056e-17
6.245e-17
3.46945e-17
-7.97973e-17
-6.93889e-18
5.72459e-17
-4.85723e-17
9.71445e-17
-8.32667e-17
6.245e-17
-7.28584e-17
1.56125e-17
2.42861e-17
-2.77556e-17
6.93889e-17
-5.55112e-17
0
-2.08167e-17
-4.0766e-17
4.59702e-17
-6.93889e-18
1.38778e-17
-2.08167e-17
-9.54098e-18
-4.33681e-18
-3.72966e-17
7.63278e-17
-4.85723e-17
6.76542e-17
-3.1225e-17
-3.38271e-17
3.03577e-17
-6.15827e-17
6.93889e-18
3.1225e-17
-3.1225e-17
3.81639e-17
-3.1225e-17
1.73472e-17
4.68375e-17
-1.47451e-17
-2.34188e-17
5.20417e-18
-1.73472e-17
4.16334e-17
-1.9082e-17
0
-3.55618e-17
7.28584e-17
-5.55112e-17
-2.94903e-17
8.32667e-17
-6.67869e-17
2.60209e-18
-1.30104e-17
7.80626e-17
-6.245e-17
-5.20417e-18
-1.04083e-17
2.25514e-17
-2.77556e-17
3.98986e-17
-5.20417e-18
1.30104e-17
-2.68882e-17
2.34188e-17
4.51028e-17
-6.93889e-17
5.55112e-17
1.38778e-17
-7.97973e-17
3.1225e-17
-2.25514e-17
3.1225e-17
-4.33681e-17
-6.93889e-18
-1.56125e-17
5.89806e-17
3.46945e-18
-2.68882e-17
-6.07153e-18
-1.12757e-17
4.42354e-17
1.56125e-17
-4.33681e-18
-7.80626e-18
-6.41848e-17
8.32667e-17
-5.89806e-17
5.20417e-17
-5.0307e-17
-1.9082e-17
-5.20417e-18
3.29597e-17
-1.38778e-17
1.12757e-17
2.08167e-17
-1.47451e-17
-3.81639e-17
1.73472e-17
-3.46945e-18
3.46945e-18
3.72966e-17
-5.9848e-17
3.64292e-17
-2.08167e-17
4.16334e-17
2.77556e-17
-6.93889e-17
-3.46945e-18
4.85723e-17
-3.46945e-18
-6.93889e-17
1.14492e-16
-4.16334e-17
-5.55112e-17
2.77556e-17
2.08167e-17
-4.33681e-17
8.67362e-18
-8.67362e-18
2.42861e-17
-2.77556e-17
-1.38778e-17
0
4.16334e-17
0
2.42861e-17
-6.93889e-18
-2.77556e-17
1.38778e-17
1.38778e-17
1.38778e-17
-6.93889e-18
-2.08167e-17
-2.42861e-17
1.38778e-17
4.16334e-17
8.67362e-19
-3.90313e-17
-4.16334e-17
5.55112e-17
-1.9082e-17
2.77556e-17
2.77556e-17
-1.38778e-17
-7.63278e-17
2.86229e-17
6.93889e-18
2.77556e-17
-2.08167e-17
-1.38778e-17
1.38778e-17
1.9082e-17
-2.34188e-17
6.59195e-17
0
-7.63278e-17
4.85723e-17
0
-3.1225e-17
1.38778e-17
5.20417e-18
1.56125e-17
-5.20417e-17
1.73472e-17
3.81639e-17
-1.38778e-17
-5.63785e-17
2.42861e-17
1.38778e-17
2.77556e-17
-3.46945e-18
-6.93889e-18
-1.38778e-17
6.93889e-18
3.46945e-17
-6.245e-17
7.63278e-17
-5.55112e-17
1.38778e-17
-3.46945e-17
3.46945e-17
0
4.16334e-17
-5.55112e-17
3.98986e-17
-1.99493e-17
-4.85723e-17
6.93889e-17
-3.46945e-17
3.46945e-17
0
-2.08167e-17
0
2.42861e-17
0
0
-2.77556e-17
4.16334e-17
-6.245e-17
2.77556e-17
1.38778e-17
0
-2.08167e-17
2.77556e-17
-4.16334e-17
2.77556e-17
0
1.38778e-17
-3.1225e-17
1.38778e-17
-2.42861e-17
1.38778e-17
4.16334e-17
-1.38778e-17
-1.04083e-17
0
3.98986e-17
3.46945e-17
-6.33174e-17
3.46945e-18
-2.77556e-17
3.81639e-17
4.85723e-17
-3.46945e-17
-3.46945e-17
2.08167e-17
2.08167e-17
0
-4.16334e-17
-1.38778e-17
1.38778e-17
3.1225e-17
-5.55112e-17
2.08167e-17
4.16334e-17
6.93889e-18
-3.46945e-17
0
2.08167e-17
-6.93889e-18
1.38778e-17
-3.46945e-17
7.63278e-17
-2.77556e-17
-1.38778e-17
-2.08167e-17
2.60209e-17
3.1225e-17
-5.55112e-17
3.46945e-17
-1.9082e-17
1.38778e-17
-1.99493e-17
1.38778e-17
-6.93889e-18
-3.81639e-17
3.81639e-17
1.56125e-17
-8.67362e-19
-6.93889e-18
0
-2.42861e-17
2.77556e-17
-6.93889e-18
6.93889e-18
-8.06646e-17
7.63278e-17
-6.245e-17
5.89806e-17
2.77556e-17
-9.71445e-17
6.93889e-17
-1.38778e-17
-2.42861e-17
4.85723e-17
-8.67362e-18
-4.85723e-17
1.9082e-17
3.46945e-17
-6.93889e-18
-3.98986e-17
1.56125e-17
-1.04083e-17
1.73472e-17
1.38778e-17
-1.38778e-17
3.46945e-17
-5.55112e-17
0
2.77556e-17
0
2.42861e-17
-1.04083e-17
2.08167e-17
-1.38778e-17
-2.77556e-17
0
2.77556e-17
-2.77556e-17
4.16334e-17
1.73472e-18
0
3.46945e-18
-2.77556e-17
1.04083e-17
1.38778e-17
-2.94903e-17
-2.77556e-17
2.60209e-17
6.93889e-17
-4.16334e-17
5.20417e-18
3.64292e-17
-5.55112e-17
4.25007e-17
6.93889e-18
-4.25007e-17
2.08167e-17
0
-5.55112e-17
1.38778e-17
4.16334e-17
3.46945e-18
-2.77556e-17
0
-3.98986e-17
2.77556e-17
-1.38778e-17
5.37764e-17
6.07153e-18
-1.64799e-17
3.81639e-17
-3.46945e-17
-1.82146e-17
-1.56125e-17
1.82146e-17
-1.9082e-17
4.85723e-17
-2.77556e-17
1.04083e-17
-1.73472e-17
2.77556e-17
2.08167e-17
-1.56125e-17
1.38778e-17
2.34188e-17
-2.08167e-17
-5.55112e-17
4.85723e-17
2.77556e-17
-2.77556e-17
2.08167e-17
2.08167e-17
-2.77556e-17
3.29597e-17
0
2.77556e-17
0
-2.77556e-17
0
-7.63278e-17
-3.81639e-17
5.55112e-17
-5.55112e-17
0
1.56125e-17
3.29597e-17
1.73472e-17
-1.38778e-17
0
-6.93889e-18
0
5.55112e-17
3.46945e-17
-5.89806e-17
-1.73472e-17
1.38778e-17
4.85723e-17
-3.64292e-17
1.21431e-17
-3.98986e-17
2.94903e-17
4.33681e-18
9.54098e-18
1.38778e-17
5.20417e-18
-2.34188e-17
4.33681e-18
-4.33681e-17
1.56125e-17
1.56125e-17
6.07153e-17
-5.20417e-17
3.46945e-18
-4.85723e-17
6.245e-17
1.73472e-17
-6.41848e-17
3.29597e-17
1.73472e-17
-3.03577e-17
-5.55112e-17
8.32667e-17
-7.63278e-17
-6.93889e-18
-1.47451e-17
4.25007e-17
2.08167e-17
-1.38778e-17
6.93889e-18
-1.56125e-17
-5.20417e-18
-3.46945e-17
-1.73472e-17
8.67362e-18
2.94903e-17
0
3.29597e-17
-3.64292e-17
-6.07153e-18
1.99493e-17
-1.04083e-17
1.04083e-17
-4.16334e-17
1.9082e-17
2.08167e-17
0
1.38778e-17
-4.85723e-17
2.77556e-17
4.16334e-17
-2.42861e-17
-2.08167e-17
3.46945e-17
5.55112e-17
-4.16334e-17
-3.64292e-17
4.68375e-17
-1.04083e-17
0
1.9082e-17
1.21431e-17
-1.47451e-17
-2.86229e-17
1.73472e-17
6.93889e-18
3.46945e-17
-4.94396e-17
2.34188e-17
-4.33681e-17
1.73472e-18
1.04083e-17
-5.89806e-17
1.31839e-16
-5.89806e-17
2.77556e-17
-3.46945e-17
2.08167e-17
5.55112e-17
-5.55112e-17
3.81639e-17
-1.04083e-17
5.55112e-17
-8.32667e-17
1.64799e-17
6.85216e-17
-6.33174e-17
-4.77049e-17
9.80119e-17
-7.02563e-17
-1.56125e-17
4.33681e-17
-2.77556e-17
-2.77556e-17
9.1073e-17
-4.94396e-17
2.77556e-17
-7.37257e-17
8.41341e-17
-7.28584e-17
4.25007e-17
1.47451e-17
1.56125e-17
-5.37764e-17
-2.1684e-17
4.16334e-17
-1.38778e-17
-3.64292e-17
7.97973e-17
-6.33174e-17
6.15827e-17
-4.16334e-17
4.85723e-17
-4.16334e-17
-3.46945e-17
4.16334e-17
0
-3.46945e-18
-3.1225e-17
2.42861e-17
-3.20924e-17
5.37764e-17
-3.46945e-17
2.77556e-17
-2.08167e-17
5.55112e-17
-7.28584e-17
1.38778e-17
2.77556e-17
-2.77556e-17
-5.55112e-17
6.245e-17
-1.38778e-17
2.08167e-17
0
-2.77556e-17
9.02056e-17
-1.17961e-16
4.85723e-17
0
-4.16334e-17
6.245e-17
-1.38778e-17
-6.93889e-17
3.1225e-17
8.32667e-17
-1.04083e-16
1.17961e-16
-8.67362e-17
6.93889e-17
-6.93889e-18
-6.93889e-18
-2.77556e-17
1.38778e-17
4.16334e-17
-1.38778e-17
4.16334e-17
-5.55112e-17
1.38778e-17
-2.08167e-17
-1.04083e-17
4.16334e-17
-1.38778e-17
5.20417e-17
-2.42861e-17
-5.55112e-17
6.93889e-17
4.16334e-17
-5.55112e-17
0
-2.08167e-17
-6.93889e-18
2.08167e-17
8.32667e-17
-2.77556e-17
1.38778e-17
-9.71445e-17
2.77556e-17
3.46945e-17
-2.77556e-17
6.93889e-17
-6.93889e-17
0
3.81639e-17
-3.1225e-17
2.77556e-17
4.85723e-17
-6.93889e-17
8.32667e-17
-8.32667e-17
6.245e-17
-7.63278e-17
1.38778e-17
1.38778e-17
-2.08167e-17
2.77556e-17
-3.46945e-17
2.77556e-17
-1.73472e-18
0
-4.85723e-17
0
-3.1225e-17
0
2.08167e-17
-5.20417e-18
-2.77556e-17
3.46945e-18
-1.38778e-17
6.93889e-17
-7.63278e-17
2.25514e-17
-4.16334e-17
4.16334e-17
7.63278e-17
-7.28584e-17
4.16334e-17
-7.80626e-17
4.16334e-17
-1.38778e-17
-3.46945e-17
-5.20417e-18
2.77556e-17
-1.38778e-17
7.63278e-17
-1.38778e-17
-2.77556e-17
-3.46945e-17
-6.93889e-18
6.93889e-17
-5.55112e-17
4.16334e-17
-6.93889e-17
5.55112e-17
-5.55112e-17
9.36751e-17
2.42861e-17
-5.55112e-17
1.38778e-17
-3.46945e-17
1.38778e-17
1.38778e-17
3.46945e-17
-6.93889e-17
1.38778e-17
-6.93889e-18
6.93889e-18
3.46945e-17
6.93889e-18
3.46945e-18
-6.245e-17
4.16334e-17
-4.16334e-17
5.55112e-17
-2.77556e-17
1.04083e-17
-3.46945e-17
4.85723e-17
1.38778e-17
-1.38778e-17
3.1225e-17
-4.16334e-17
2.77556e-17
-4.16334e-17
-2.42861e-17
1.17961e-16
-4.68375e-17
3.46945e-17
-1.38778e-17
3.46945e-18
-8.32667e-17
6.93889e-18
6.93889e-17
6.93889e-18
-2.77556e-17
-2.77556e-17
0
6.93889e-18
2.77556e-17
6.93889e-18
-5.55112e-17
8.67362e-17
-2.77556e-17
1.38778e-17
-1.38778e-17
1.38778e-17
-1.38778e-17
-4.16334e-17
3.46945e-17
0
-1.73472e-17
4.16334e-17
4.16334e-17
-9.02056e-17
6.93889e-17
-4.16334e-17
-1.38778e-17
6.245e-17
-6.245e-17
5.55112e-17
8.32667e-17
-6.93889e-17
2.77556e-17
-2.77556e-17
0
4.16334e-17
-8.32667e-17
-6.93889e-18
6.93889e-17
-2.42861e-17
-2.77556e-17
1.11022e-16
-4.42354e-17
9.54098e-18
-1.38778e-17
4.16334e-17
-6.85216e-17
-1.38778e-17
7.97973e-17
-9.02056e-17
6.93889e-17
1.38778e-17
-5.20417e-17
4.16334e-17
-1.38778e-17
2.77556e-17
-1.38778e-17
4.16334e-17
-6.245e-17
-2.08167e-17
0
1.38778e-17
-1.38778e-17
5.37764e-17
-3.46945e-17
0
-2.77556e-17
5.55112e-17
-2.77556e-17
2.77556e-17
2.08167e-17
-5.55112e-17
2.77556e-17
3.55618e-17
-7.97973e-17
9.71445e-17
-6.93889e-17
-2.42861e-17
1.38778e-17
-1.56125e-17
4.51028e-17
4.16334e-17
-2.08167e-17
-5.89806e-17
6.93889e-17
-7.97973e-17
-1.38778e-17
2.77556e-17
7.80626e-18
8.32667e-17
-4.16334e-17
2.25514e-17
0
-1.73472e-17
-3.46945e-18
1.04083e-17
-6.93889e-18
2.08167e-17
-1.38778e-17
-6.93889e-18
4.16334e-17
2.77556e-17
0
-4.51028e-17
0
-5.55112e-17
5.55112e-17
4.16334e-17
-1.38778e-17
0
-1.38778e-17
3.46945e-17
-1.38778e-17
-2.77556e-17
0
0
-1.38778e-17
-3.46945e-17
4.59702e-17
-2.77556e-17
1.38778e-17
6.93889e-18
-6.93889e-18
6.93889e-18
1.38778e-17
1.38778e-17
-4.85723e-17
2.77556e-17
-4.85723e-17
5.63785e-18
-2.77556e-17
4.16334e-17
-1.04083e-17
-7.80626e-18
-1.73472e-17
3.46945e-17
-1.04083e-17
5.20417e-17
-7.97973e-17
1.56125e-17
3.1225e-17
-2.77556e-17
-6.93889e-18
3.46945e-18
-4.33681e-18
-1.38778e-17
2.08167e-17
-1.56125e-17
-2.51535e-17
1.73472e-18
3.1225e-17
-4.51028e-17
3.64292e-17
-5.89806e-17
7.63278e-17
3.1225e-17
-7.80626e-17
3.81639e-17
-4.16334e-17
2.42861e-17
-4.59702e-17
5.20417e-18
4.85723e-17
0
-5.20417e-18
4.0766e-17
-2.08167e-17
-1.04083e-17
1.73472e-17
-3.46945e-18
-1.56125e-17
-1.04083e-17
0
3.46945e-17
-2.08167e-17
-6.93889e-18
-2.08167e-17
1.38778e-17
-4.85723e-17
6.245e-17
-5.55112e-17
2.08167e-17
-5.55112e-17
6.59195e-17
-2.08167e-17
-1.38778e-17
6.93889e-17
2.08167e-17
-4.51028e-17
2.08167e-17
-7.11237e-17
1.38778e-17
1.04083e-16
-1.10155e-16
6.93889e-17
-3.46945e-18
-6.93889e-18
6.07153e-18
3.46945e-18
-7.97973e-17
2.08167e-17
4.16334e-17
-4.16334e-17
8.32667e-17
-4.85723e-17
-3.46945e-17
7.63278e-17
-6.93889e-17
-2.08167e-17
2.77556e-17
3.46945e-17
-2.77556e-17
-2.77556e-17
2.08167e-17
5.20417e-18
-5.20417e-18
-8.67362e-18
2.25514e-17
-2.42861e-17
-3.46945e-17
1.73472e-17
-1.56125e-17
2.08167e-17
-5.0307e-17
9.71445e-17
-1.04083e-16
2.77556e-17
6.245e-17
-7.63278e-17
4.85723e-17
2.77556e-17
6.93889e-18
0
-1.73472e-17
-2.08167e-17
-4.16334e-17
8.50015e-17
-7.28584e-17
2.77556e-17
-2.08167e-17
9.62772e-17
-1.04083e-16
-6.93889e-18
3.46945e-18
2.08167e-17
-3.46945e-17
0
5.46438e-17
-3.46945e-17
3.1225e-17
-1.04083e-17
2.42861e-17
7.80626e-18
-4.94396e-17
5.55112e-17
-6.67869e-17
-2.60209e-18
2.77556e-17
-6.93889e-18
-2.77556e-17
3.29597e-17
2.77556e-17
-2.77556e-17
-5.55112e-17
2.08167e-17
-1.04083e-17
6.93889e-17
-6.59195e-17
5.0307e-17
-1.56125e-17
-3.46945e-17
6.245e-17
-1.56125e-17
-1.82146e-17
2.68882e-17
-6.93889e-18
2.08167e-17
-4.16334e-17
5.55112e-17
-8.67362e-17
8.32667e-17
-4.16334e-17
-4.16334e-17
2.77556e-17
-2.08167e-17
-1.73472e-17
6.07153e-17
-1.73472e-18
-3.29597e-17
1.04083e-17
-1.9082e-17
8.67362e-18
0
2.25514e-17
-6.245e-17
1.73472e-17
2.08167e-17
-1.82146e-17
2.68882e-17
5.11743e-17
-5.37764e-17
3.55618e-17
-6.50521e-17
4.51028e-17
-3.29597e-17
4.0766e-17
-2.77556e-17
-1.38778e-17
1.9082e-17
2.77556e-17
4.16334e-17
-2.25514e-17
-6.93889e-18
-2.42861e-17
-2.08167e-17
1.73472e-17
-4.51028e-17
-6.93889e-18
4.16334e-17
-4.16334e-17
3.46945e-17
2.77556e-17
1.38778e-17
-6.93889e-17
5.55112e-17
-5.55112e-17
3.81639e-17
3.1225e-17
-6.93889e-17
4.51028e-17
6.93889e-18
-1.82146e-17
2.34188e-17
-9.45424e-17
2.25514e-17
5.0307e-17
5.20417e-18
-8.67362e-18
