0.237956
0.307298
0.165449
0.0253003
0.0253004
0.0253003
0.0253012
0.0253001
0.0253002
0.0253003
0.0253004
0.0253012
0.0253002
0.0251062
0.0234698
0.023446
0.0234314
0.0234278
0.0234346
0.0234103
0.0234605
0.032665
0.125001
0.125001
0.125001
0.125001
0.125001
0.125001
0.125001
0.114379
0.0505831
0.0488959
0.048895
0.0489031
0.0466623
0.0488956
0.0489039
0.048896
0.0488951
0.0466708
0.0488945
0.0488957
0.0489042
0.0488956
0.0466642
0.0489019
0.0488956
0.048898
0.0489017
0.0466621
0.0489006
0.0488988
0.0488951
0.0489008
0.0466636
0.0488954
0.0489033
0.0488953
0.0488971
0.0466679
0.0488917
0.0488982
0.0489014
0.0488955
0.0469376
0.0486246
0.0488948
0.0489006
0.0488989
0.0472068
0.0483524
0.0488975
0.0488978
0.0488983
0.0474763
0.0480823
0.0488993
0.0488969
0.0489011
0.0477456
0.0478116
0.0489004
0.048897
0.0488977
0.0480179
0.0475418
0.0488999
0.0488989
0.0488975
0.048287
0.0472733
0.0488973
0.0489004
0.0488961
0.0485564
0.047004
0.0488963
0.0488974
0.048902
0.0488237
0.0467335
0.0488989
0.048896
0.0488998
0.0488994
0.0466623
0.0489026
0.0488961
0.048895
0.048903
0.0466628
0.0488961
0.0489031
0.0488961
0.0488947
0.04667
0.0488958
0.0488956
0.0489039
0.048896
0.0466617
0.0489043
0.0488947
0.048903
0.0488966
0.0466619
0.0489029
0.0488961
0.0488954
0.0489029
0.0466623
0.0488953
0.0489043
0.0488957
0.0488953
0.0466707
0.0488956
0.0488949
0.0489043
0.0488956
0.0466643
0.0489018
0.0488957
0.0488982
0.0489016
0.046662
0.0489004
0.0488997
0.0488951
0.0489001
0.0466642
0.0488957
0.0489022
0.0488957
0.0488977
0.0466678
0.048895
0.0488979
0.0489012
0.0488954
0.0466673
0.0488996
0.0488953
0.0489
0.0488992
0.0466622
0.0489019
0.0488974
0.0488978
0.0488982
0.0466648
0.0488973
0.0488996
0.0488972
0.0489006
0.0466628
0.0488976
0.0536944
0.049325
0.048712
0.0477207
0.0493249
0.0493226
0.0493221
0.0489796
0.0474559
0.0493208
0.0493236
0.0493213
0.0492481
0.0471908
0.0493203
0.0493214
0.0493233
0.0493206
0.0471185
0.0493234
0.049322
0.0493205
0.0493233
0.0471166
0.0493221
0.0493233
0.0493234
0.049321
0.0471186
0.0493214
0.0493208
0.0493234
0.0493232
0.0471172
0.0493231
0.0493207
0.0493231
0.049321
0.0471172
0.0493235
0.0493231
0.0493219
0.0493232
0.0471171
0.0493208
0.0493233
0.0493235
0.0493216
0.0471191
0.0493204
0.0493208
0.0493231
0.0493211
0.047118
0.0493236
0.0493219
0.0493206
0.0493244
0.0471165
0.0493217
0.0493238
0.0493226
0.049321
0.0471193
0.0493205
0.0493215
0.0493243
0.0493221
0.0471176
0.0493233
0.0493206
0.0493238
0.0493204
0.047117
0.0493239
0.0493231
0.049322
0.0493241
0.0471157
0.0493214
0.0493239
0.0493221
0.0493223
0.0471198
0.0493206
0.0493205
0.049325
0.0493214
0.0471172
0.0493228
0.0493219
0.0493206
0.0493235
0.0471167
0.0493223
0.0493237
0.0493224
0.0493242
0.0471162
0.0493206
0.0493251
0.0493211
0.0493223
0.0471183
0.0493223
0.0493202
0.0493236
0.049321
0.0471174
0.0493234
0.0493225
0.0493212
0.0493235
0.0471165
0.0493218
0.0493234
0.0493223
0.0493222
0.047119
0.0493199
0.0493207
0.0493234
0.0493219
0.0471187
0.049323
0.0493221
0.0493206
0.0493233
0.0471174
0.0493218
0.0493225
0.049323
0.0493231
0.0471163
0.0493204
0.0493232
0.0493212
0.0493228
0.0471188
0.0493229
0.0493201
0.0493232
0.0493215
0.0471171
0.0493227
0.0493229
0.0493203
0.0538409
0.0471185
0.0493218
0.0493231
0.0493206
0.0493208
0.0471186
0.0493218
0.0493222
0.0493235
0.0493203
0.0471162
0.0493243
0.049321
0.0493233
0.0493233
0.0471172
0.0493231
0.0493204
0.0493206
0.0493232
0.0471172
0.0493225
0.0493238
0.0493217
0.0493205
0.0471191
0.0493208
0.0493226
0.0493237
0.0493215
0.0471168
0.0493242
0.0493205
0.0493214
0.0493245
0.047118
0.0493213
0.0493245
0.0493207
0.0493212
0.0471187
0.0493216
0.0493235
0.0493218
0.049321
0.0471194
0.0493204
0.0493213
0.0493243
0.0493223
0.0471176
0.0493246
0.0493207
0.0493204
0.049325
0.047117
0.0493222
0.0493238
0.0493218
0.0493205
0.047119
0.0493215
0.0493229
0.0493231
0.049322
0.0471171
0.0493229
0.0493206
0.0493224
0.0493232
0.0471172
0.0493214
0.0493232
0.0493204
0.0493236
0.0471167
0.0493224
0.0493233
0.0493224
0.0493214
0.0471185
0.0493208
0.0493217
0.0493235
0.0493223
0.0471179
0.0493233
0.04932
0.0493207
0.0493235
0.0472892
0.0491468
0.049323
0.0493219
0.0493207
0.0475562
0.0488802
0.0493218
0.0493225
0.0493229
0.0478216
0.0486144
0.0493211
0.0493209
0.049323
0.0480892
0.0483458
0.0493237
0.04932
0.0493234
0.0483559
0.0480798
0.0493225
0.0493231
0.0493203
0.0486232
0.0478141
0.049321
0.049323
0.0493228
0.0488878
0.0475488
0.0493202
0.0493208
0.0493237
0.0491522
0.047282
0.0493235
0.0493213
0.0493214
0.0493245
0.0471164
0.0493221
0.0493242
0.049322
0.0493204
0.0471187
0.0493207
0.0493208
0.0493229
0.0493225
0.0471185
0.0493218
0.049321
0.049324
0.0493206
0.0471169
0.053844
0.0493201
0.049321
0.0471193
0.0493217
0.0493224
0.0493246
0.0493205
0.0471165
0.0493252
0.049321
0.0493223
0.0493234
0.0471178
0.0493199
0.049324
0.0493211
0.0493236
0.0471168
0.0493224
0.0493242
0.0493215
0.0493206
0.0471197
0.049321
0.0493223
0.0493233
0.0493223
0.047116
0.0493239
0.0493211
0.0493217
0.0493235
0.0472822
0.0491524
0.0493231
0.0493206
0.0493215
0.0475503
0.0488857
0.0493229
0.049323
0.0493209
0.047816
0.0486197
0.0493209
0.0493228
0.049323
0.0480823
0.0483525
0.0493234
0.0493215
0.0493232
0.0483486
0.0480874
0.0493231
0.0493205
0.0493211
0.0486158
0.0478193
0.0493228
0.0493229
0.0493229
0.0488809
0.0475542
0.0493218
0.0493212
0.049323
0.0491494
0.0472868
0.0493232
0.0493204
0.049321
0.049323
0.0471181
0.0493219
0.0493237
0.04932
0.0493211
0.0471193
0.0493218
0.0493225
0.0493241
0.0493203
0.0471169
0.0493242
0.0493209
0.0493229
0.0493228
0.0471178
0.0493239
0.0493204
0.0493208
0.0493235
0.0471168
0.0493229
0.0493235
0.0493215
0.0493212
0.0471196
0.0493209
0.0493224
0.0493249
0.0493219
0.0471163
0.049325
0.0493207
0.0493205
0.0493244
0.0471181
0.0493217
0.0493233
0.0493215
0.049324
0.0471163
0.0493211
0.0493241
0.0493222
0.0493207
0.04712
0.0493207
0.0493205
0.0493249
0.0493226
0.0471172
0.0493232
0.0493211
0.049321
0.0493243
0.0471169
0.0493231
0.0493232
0.0493214
0.0493213
0.0471188
0.0493206
0.0493236
0.0493234
0.0493221
0.0471164
0.049323
0.049321
0.0493211
0.0493235
0.0471187
0.0493219
0.0493228
0.0538389
0.0486112
0.0478253
0.0493212
0.0493235
0.0493208
0.0488788
0.0475586
0.0493223
0.0493222
0.0493232
0.0491422
0.0472913
0.0493236
0.0493221
0.0493233
0.0493228
0.0471169
0.0493202
0.0493235
0.0493218
0.049322
0.0471191
0.0493221
0.0493199
0.0493234
0.049321
0.0471171
0.0493238
0.0493233
0.0493229
0.0493214
0.0471165
0.0493235
0.0493217
0.049322
0.049323
0.0471179
0.0493202
0.0493236
0.0493207
0.0493215
0.0471184
0.049323
0.0493215
0.049324
0.0493203
0.0471168
0.0493241
0.049322
0.0493223
0.0493241
0.0471158
0.0493211
0.0493244
0.0493215
0.0493224
0.0471179
0.0493217
0.0493206
0.0493235
0.0493209
0.0471179
0.0493233
0.0493224
0.0493242
0.0493202
0.0471167
0.0493242
0.0493215
0.0493223
0.0493239
0.0471167
0.0493208
0.049325
0.0493211
0.0493213
0.0471187
0.0493226
0.0493209
0.0493238
0.0493211
0.0471166
0.0493235
0.0493223
0.0493229
0.049323
0.0471163
0.0493218
0.0493236
0.0493206
0.0493244
0.0471181
0.0493216
0.0493233
0.0493215
0.0493207
0.0471188
0.0493213
0.0493231
0.049323
0.0493207
0.0471172
0.0493233
0.0493206
0.0493233
0.0493232
0.0471172
0.0493204
0.0493231
0.049321
0.0493211
0.0471186
0.0493231
0.0493217
0.0493231
0.0493213
0.0471167
0.0493234
0.0493232
0.0493215
0.0493231
0.0471164
0.0493205
0.0493231
0.0493212
0.0493236
0.0471187
0.0493221
0.049323
0.0493213
0.0493206
0.0471187
0.049323
0.0493224
0.0493236
0.0493213
0.0471163
0.0493234
0.0493213
0.0493223
0.0493241
0.0471176
0.0493207
0.0493238
0.0493203
0.0493214
0.0471802
0.0537815
0.0493209
0.0493235
0.0493218
0.0471183
0.0493239
0.0493203
0.0493237
0.0493211
0.0471168
0.049323
0.0493228
0.049322
0.0493237
0.0471165
0.0493208
0.0493237
0.0493212
0.0493226
0.0471188
0.0493213
0.0493214
0.0493245
0.0493208
0.0471168
0.0493242
0.049322
0.0493204
0.049325
0.0471162
0.0493206
0.049325
0.0493225
0.0493233
0.0471171
0.049321
0.0493238
0.0493207
0.0493221
0.0471189
0.049322
0.0493203
0.0493251
0.0493207
0.0471163
0.0493249
0.0493226
0.0493221
0.0493231
0.0471168
0.049321
0.0493243
0.0493214
0.0493232
0.0471185
0.0493213
0.0493213
0.0493231
0.0493212
0.0471182
0.0493231
0.0493224
0.0493209
0.0493236
0.0471165
0.0493213
0.049323
0.0493229
0.0493231
0.0471176
0.0493211
0.0493229
0.0493204
0.0493223
0.0471189
0.0493222
0.0493216
0.0493235
0.0493205
0.0471167
0.049323
0.0493229
0.0493219
0.0493228
0.0471171
0.0493203
0.0493234
0.0493224
0.0493231
0.0471867
0.0492496
0.0493204
0.0493234
0.0493213
0.0474536
0.0489837
0.0493219
0.0493204
0.0493244
0.0477187
0.0487153
0.0493238
0.0493226
0.0493227
0.0479845
0.0484493
0.0493233
0.0493213
0.0493221
0.0482536
0.0481851
0.0493206
0.0493238
0.0493204
0.0485201
0.047917
0.0493231
0.049322
0.0493241
0.0487849
0.0476483
0.0493239
0.0493221
0.0493223
0.049053
0.0473839
0.0493205
0.049325
0.0493214
0.0493219
0.0471181
0.0493218
0.0493234
0.0493204
0.0493213
0.0471193
0.0493226
0.0493219
0.0493244
0.0493205
0.0471166
0.0493248
0.0493218
0.0493224
0.0493235
0.0471166
0.0493205
0.0538439
0.0493223
0.047116
0.0493239
0.0493211
0.0493217
0.0493235
0.0471176
0.0493219
0.0493231
0.0493206
0.049325
0.0471166
0.0493212
0.0493234
0.0493228
0.0493209
0.0471188
0.0493211
0.0493209
0.0493236
0.0493223
0.0471183
0.0493232
0.0493209
0.0493216
0.0493236
0.0471165
0.0493232
0.0493236
0.0493212
0.0493206
0.0471821
0.0492529
0.0493228
0.0493229
0.0493229
0.0474471
0.0489878
0.0493218
0.0493212
0.049323
0.0477154
0.0487207
0.0493232
0.0493204
0.0493233
0.047981
0.048455
0.049323
0.0493229
0.04932
0.048248
0.0481876
0.0493218
0.0493225
0.049323
0.0485132
0.0479224
0.049321
0.0493209
0.0493229
0.04878
0.0476552
0.0493238
0.0493201
0.0493211
0.0490482
0.0473883
0.049323
0.0493237
0.0493203
0.0493146
0.0471227
0.0493215
0.0493224
0.0493226
0.0493215
0.0471165
0.0493236
0.0493213
0.0493238
0.0493222
0.0471179
0.0493241
0.0493203
0.0493211
0.0493244
0.0471168
0.0493223
0.0493247
0.049322
0.0493204
0.04712
0.0493211
0.0493213
0.0493232
0.0493225
0.0471164
0.0493238
0.0493211
0.0493209
0.0493236
0.0471177
0.0493229
0.049323
0.0493206
0.049325
0.0471166
0.0493214
0.0493236
0.0493226
0.0493209
0.0471188
0.0493213
0.0493209
0.0493235
0.0493223
0.0471183
0.0493232
0.0493208
0.0493218
0.0493236
0.0471165
0.0493231
0.0493237
0.0493212
0.0493204
0.0471191
0.0493212
0.0493228
0.049323
0.0493229
0.0471165
0.0493232
0.0493217
0.0493212
0.049323
0.0471186
0.0493212
0.0493232
0.0493206
0.0493233
0.0471166
0.0493221
0.0493233
0.0493234
0.0530262
0.0479269
0.0493231
0.0493222
0.0493227
0.0487748
0.0476589
0.0493231
0.0493224
0.0493226
0.0490429
0.047394
0.0493204
0.0493233
0.0493213
0.049309
0.0471279
0.0493224
0.0493204
0.0493242
0.0493207
0.0471171
0.0493238
0.0493225
0.0493228
0.0493209
0.0471163
0.0493234
0.0493213
0.049322
0.0493242
0.0471176
0.0493206
0.0493238
0.0493203
0.0493214
0.0471188
0.0493231
0.0493218
0.0493244
0.0493204
0.0471168
0.0493243
0.0493223
0.0493219
0.0493244
0.0471162
0.0493204
0.049325
0.0493214
0.0493231
0.0471181
0.0493218
0.0493234
0.0493204
0.0493213
0.0471193
0.0493224
0.049322
0.0493242
0.0493204
0.0471166
0.0493249
0.0493217
0.0493221
0.0493237
0.0471166
0.0493204
0.0493239
0.0493215
0.0493229
0.0471183
0.0493219
0.0493208
0.0493232
0.0493212
0.0471182
0.0493234
0.049322
0.0493209
0.0493236
0.0471165
0.0493213
0.0493231
0.0493232
0.0493231
0.0471176
0.0493211
0.0493227
0.0493205
0.0493223
0.0471189
0.0493223
0.0493213
0.0493236
0.0493206
0.0471167
0.049323
0.0493229
0.0493224
0.0493227
0.0471171
0.0493203
0.0493236
0.0493223
0.0493231
0.0471187
0.0493216
0.0493201
0.0493235
0.0493213
0.0471171
0.0493237
0.0493233
0.0493204
0.0493237
0.0471165
0.0493211
0.0493243
0.049322
0.049323
0.0471179
0.0493204
0.0493233
0.0493207
0.0493215
0.0471184
0.049323
0.0493215
0.0493239
0.0493202
0.0471168
0.0493241
0.049322
0.0493223
0.0493242
0.0471158
0.0493211
0.049324
0.0493215
0.0493224
0.0471195
0.0493214
0.0493206
0.049325
0.0493211
0.0471164
0.0493234
0.0538377
0.0493242
0.0493208
0.0471179
0.0493242
0.0493219
0.0493211
0.0493241
0.0471162
0.0493212
0.0493242
0.0493225
0.0493214
0.0471196
0.0493205
0.0493206
0.049325
0.0493225
0.0471172
0.0493231
0.049321
0.049321
0.0493244
0.0471169
0.0493232
0.0493231
0.0493211
0.0493248
0.0471161
0.0493208
0.0493244
0.0493225
0.0493222
0.0471186
0.0493211
0.049321
0.0493243
0.0493214
0.0471187
0.0493234
0.0493213
0.0493213
0.0493231
0.0471166
0.0493224
0.0493231
0.0493224
0.0493209
0.0471185
0.0493207
0.0493213
0.049323
0.0493229
0.0471176
0.0493229
0.0493211
0.0493203
0.0493236
0.0471174
0.0493231
0.0493228
0.0493216
0.0493235
0.0471163
0.0493214
0.0493231
0.0493228
0.0493223
0.0471182
0.0493212
0.0493203
0.0493234
0.0493224
0.0471181
0.049323
0.0493214
0.0493201
0.0493234
0.0471167
0.0493215
0.0493238
0.0493233
0.0493203
0.0471198
0.0493203
0.049321
0.0493241
0.049322
0.0471178
0.0493241
0.0493202
0.0493211
0.049324
0.0473505
0.0490812
0.0493227
0.0493214
0.0493238
0.0476159
0.0488168
0.0493233
0.0493215
0.049323
0.0478844
0.0485519
0.0493211
0.0493244
0.0493209
0.0481512
0.048286
0.049322
0.0493204
0.049325
0.0484163
0.0480168
0.0493234
0.0493228
0.0493209
0.0486853
0.0477514
0.0493209
0.0493236
0.0493223
0.048951
0.0474867
0.0493209
0.0493249
0.0493208
0.0492176
0.0472199
0.0493226
0.0493212
0.0493239
0.0493209
0.0471166
0.0493235
0.0493223
0.0493229
0.049323
0.0471163
0.0493218
0.0493236
0.0493206
0.0493232
0.0471183
0.0493216
0.0493207
0.0538409
0.0471174
0.0493216
0.0493235
0.0493205
0.049324
0.0471168
0.0493229
0.0493231
0.049322
0.0493207
0.0471184
0.0493212
0.049323
0.0493231
0.0493228
0.0471164
0.0493236
0.0493206
0.0493213
0.049323
0.0471186
0.0493219
0.0493227
0.0493208
0.0493206
0.0471187
0.049323
0.0493225
0.0493235
0.0493209
0.0471163
0.0493233
0.0493213
0.0493221
0.0493244
0.0473458
0.0490877
0.0493238
0.0493204
0.0493233
0.0476132
0.0488222
0.0493231
0.0493214
0.0493201
0.047881
0.0485564
0.0493217
0.049324
0.0493231
0.0481447
0.0482902
0.0493202
0.049321
0.0493241
0.0484125
0.048023
0.0493242
0.0493199
0.049321
0.0486822
0.0477562
0.0493222
0.0493248
0.0493206
0.0489463
0.0474906
0.0493214
0.0493231
0.0493227
0.0492117
0.0472253
0.0493204
0.0493213
0.0493243
0.0493223
0.0471176
0.0493246
0.0493207
0.0493204
0.049325
0.047117
0.0493222
0.0493238
0.0493218
0.0493205
0.047119
0.0493215
0.0493229
0.0493231
0.049322
0.0471171
0.0493229
0.0493206
0.0493224
0.0493232
0.0471172
0.0493214
0.0493232
0.0493204
0.0493236
0.0471167
0.0493224
0.0493233
0.0493224
0.0493214
0.0471185
0.0493208
0.0493217
0.0493235
0.0493223
0.0471179
0.0493233
0.04932
0.0493207
0.0493235
0.0471171
0.049323
0.049323
0.0493219
0.0493203
0.0471191
0.0493216
0.049322
0.0493231
0.0493221
0.0471158
0.0493233
0.0493207
0.0493215
0.049323
0.0471187
0.0493217
0.0493238
0.0493206
0.0493234
0.0471174
0.0493214
0.0493225
0.0493231
0.0493203
0.0471194
0.049321
0.049321
0.049323
0.0493228
0.0471178
0.104602
0.0477446
0.0493212
0.0493236
0.0493231
0.0489556
0.0474803
0.0493213
0.0493232
0.0493212
0.049224
0.0472138
0.0493228
0.0493213
0.0493235
0.0493207
0.0471167
0.049323
0.0493229
0.0493219
0.0493228
0.0471171
0.0493203
0.0493234
0.0493224
0.0493231
0.0471187
0.0493214
0.0493201
0.0493234
0.049321
0.0471171
0.0493238
0.0493233
0.0493203
0.0493239
0.0471165
0.049321
0.0493241
0.049322
0.049323
0.0471179
0.0493202
0.0493236
0.0493207
0.0493215
0.0471184
0.049323
0.0493215
0.049324
0.0493203
0.0471168
0.0493241
0.049322
0.0493223
0.0493241
0.0471158
0.0493211
0.0493244
0.0493215
0.0493224
0.0471195
0.0493217
0.0493206
0.049325
0.0493209
0.0471164
0.0493234
0.0493228
0.0493234
0.0493202
0.0471169
0.049324
0.0493213
0.0493223
0.0493239
0.0471167
0.0493208
0.049325
0.0493211
0.0493213
0.0471187
0.0493226
0.0493209
0.0493238
0.0493211
0.0471166
0.0493235
0.0493223
0.0493229
0.049323
0.0471163
0.0493218
0.0493236
0.0493206
0.0493232
0.0471183
0.0493216
0.0493207
0.0493233
0.0493207
0.0471172
0.0493233
0.0493233
0.0493228
0.0493203
0.0471172
0.0493233
0.0493206
0.0493233
0.0493232
0.0471172
0.0493204
0.0493231
0.049321
0.0493211
0.0471186
0.0493231
0.0493217
0.0493231
0.0493213
0.0471167
0.0493234
0.0493232
0.0493215
0.0493231
0.0471164
0.0493205
0.0493231
0.0493212
0.0493225
0.0471189
0.0493221
0.0493207
0.0493241
0.0493206
0.0471171
0.049324
0.0493225
0.0493228
0.049321
0.0471163
0.0493234
0.0493213
0.0493223
0.0493241
0.047271
0.0491628
0.0538419
0.0493235
0.0493203
0.0471198
0.0493202
0.049321
0.0493241
0.049322
0.0471178
0.0493242
0.0493202
0.0493211
0.0493244
0.0471169
0.0493223
0.0493225
0.0493218
0.0493239
0.0471165
0.0493214
0.0493239
0.0493222
0.0493224
0.047119
0.0493204
0.049321
0.0493242
0.0493215
0.0471176
0.0493242
0.0493215
0.0493208
0.049325
0.0471166
0.0493214
0.0493236
0.0493226
0.0493209
0.0471188
0.0493213
0.0493209
0.0493235
0.0493223
0.0471183
0.0493232
0.0493208
0.049325
0.0493208
0.0471165
0.0493244
0.0493229
0.0493212
0.0493236
0.0471167
0.0493213
0.0493239
0.0493219
0.0493233
0.0471179
0.0493208
0.0493217
0.0493235
0.0493205
0.0471186
0.0493232
0.0493217
0.0493206
0.0493233
0.0471166
0.0493221
0.0493233
0.0493234
0.049321
0.0471186
0.0493214
0.0493208
0.0493234
0.0493232
0.0471172
0.0493231
0.0493207
0.0493231
0.049321
0.0471172
0.0493235
0.0493231
0.0493219
0.0493232
0.0472652
0.0491696
0.0493233
0.0493235
0.0493216
0.0475325
0.0489038
0.0493208
0.0493231
0.0493211
0.0478001
0.0486388
0.0493217
0.0493205
0.0493244
0.0480647
0.0483697
0.0493237
0.0493218
0.0493208
0.0483342
0.0481041
0.0493214
0.0493233
0.0493222
0.048598
0.0478388
0.0493207
0.0493243
0.049321
0.0488651
0.0475715
0.0493215
0.0493209
0.0493243
0.0491296
0.0473031
0.0493243
0.049322
0.0493203
0.0493251
0.0471162
0.0493206
0.0493249
0.0493226
0.0493221
0.047119
0.0493211
0.049321
0.0493243
0.0493214
0.0471187
0.0493234
0.0493213
0.0493245
0.0493207
0.0471166
0.0493248
0.0493218
0.0538396
0.0471198
0.0493213
0.049322
0.0493242
0.0493226
0.0471161
0.0493239
0.0493211
0.0493217
0.0493235
0.0471176
0.0493219
0.0493231
0.0493206
0.0493215
0.0471187
0.0493213
0.0493229
0.0493231
0.0493207
0.0471165
0.0493232
0.0493209
0.0493236
0.0493223
0.0471183
0.0493232
0.0493209
0.0493216
0.0493236
0.0472604
0.0491743
0.0493232
0.0493216
0.0493207
0.0475285
0.0489077
0.0493219
0.0493233
0.0493234
0.0477928
0.048642
0.0493216
0.0493208
0.0493234
0.0480615
0.0483748
0.0493231
0.0493204
0.0493208
0.0483271
0.0481073
0.0493225
0.0493237
0.0493217
0.0485924
0.0478424
0.049321
0.0493233
0.049323
0.048858
0.0475783
0.0493204
0.0493206
0.0493232
0.0491247
0.0473106
0.0493235
0.0493221
0.0493206
0.0493242
0.0471165
0.0493216
0.0493238
0.0493225
0.049321
0.0471193
0.0493205
0.0493213
0.0493244
0.049322
0.0471176
0.0493248
0.0493206
0.0493205
0.0493236
0.047117
0.0493231
0.0493227
0.0493211
0.0493242
0.0471163
0.0493213
0.0493243
0.0493223
0.0493219
0.0471198
0.0493207
0.0493204
0.049325
0.0493214
0.0471172
0.0493232
0.0493218
0.0493204
0.0493236
0.0471167
0.0493221
0.0493234
0.0493225
0.0493212
0.0471185
0.0493209
0.0493218
0.0493234
0.0493223
0.0471179
0.0493231
0.0493199
0.049324
0.0493211
0.0471171
0.0493235
0.0493224
0.049322
0.0493232
0.0471165
0.0493214
0.0493234
0.049322
0.049323
0.0471184
0.04932
0.0493207
0.0493235
0.0493217
0.0471187
0.049323
0.0493219
0.0493207
0.0493232
0.0471174
0.0493215
0.0493227
0.0493229
0.0493203
0.0471194
0.0538395
0.0493232
0.0493221
0.048853
0.0475831
0.0493208
0.0493218
0.0493232
0.04912
0.0473154
0.0493229
0.0493214
0.049321
0.0493233
0.0471185
0.0493215
0.0493231
0.0493205
0.0493207
0.0471186
0.0493217
0.0493221
0.0493234
0.0493204
0.0471162
0.0493243
0.0493208
0.0493226
0.0493237
0.0471172
0.0493211
0.0493242
0.0493205
0.0493231
0.0471172
0.0493224
0.0493237
0.0493219
0.0493206
0.0471191
0.0493208
0.0493226
0.0493236
0.0493214
0.0471168
0.0493241
0.0493208
0.0493212
0.0493243
0.047118
0.0493215
0.0493245
0.0493206
0.0493212
0.0471201
0.0493214
0.0493228
0.0493236
0.049321
0.0471165
0.0493239
0.0493215
0.0493243
0.0493221
0.0471176
0.049325
0.0493206
0.0493206
0.0493251
0.047117
0.0493222
0.0493237
0.049322
0.0493204
0.047119
0.0493213
0.0493232
0.0493231
0.0493219
0.0471171
0.0493227
0.0493205
0.0493223
0.0493234
0.0471172
0.0493214
0.0493234
0.0493206
0.049321
0.0471185
0.0493222
0.0493231
0.0493223
0.049321
0.0471165
0.0493235
0.0493216
0.0493234
0.0493223
0.0471179
0.0493233
0.0493199
0.0493207
0.0493234
0.0471171
0.049323
0.0493229
0.0493218
0.0493202
0.0471191
0.0493218
0.049322
0.049323
0.0493222
0.0471158
0.0493233
0.0493207
0.0493215
0.049323
0.0471187
0.0493215
0.0493238
0.0493206
0.0493211
0.0471193
0.0493218
0.0493225
0.0493241
0.0493203
0.0471169
0.0493242
0.0493209
0.0493229
0.0493228
0.0471178
0.0493239
0.0493204
0.0493208
0.0493235
0.0471168
0.0493229
0.0493235
0.0493215
0.0493212
0.0471708
0.0492657
0.0493224
0.053843
0.0493208
0.0471169
0.0493242
0.0493225
0.0493214
0.0493228
0.0471161
0.049321
0.049323
0.0493225
0.0493242
0.0471176
0.0493212
0.0493241
0.0493205
0.0493215
0.047119
0.049322
0.0493219
0.0493248
0.0493204
0.0471166
0.0493248
0.0493216
0.049322
0.0493237
0.0471166
0.0493206
0.0493239
0.0493213
0.0493232
0.0471183
0.0493219
0.0493207
0.0493231
0.0493212
0.0471182
0.0493231
0.0493224
0.0493235
0.0493211
0.0471165
0.049324
0.0493213
0.0493229
0.0493231
0.0471176
0.0493211
0.0493229
0.0493204
0.0493223
0.0471189
0.0493222
0.0493216
0.0493235
0.0493205
0.0471167
0.049323
0.0493229
0.0493219
0.0493228
0.0471171
0.0493203
0.0493234
0.0493224
0.0493231
0.0471187
0.0493214
0.0493201
0.0493234
0.049321
0.0471171
0.0493238
0.0493233
0.0493229
0.0493214
0.0471165
0.0493235
0.0493217
0.049322
0.049323
0.0471179
0.0493202
0.0493236
0.0493207
0.0493215
0.0471644
0.0492737
0.0493214
0.0493238
0.0493207
0.0474297
0.0490064
0.0493215
0.049323
0.0493237
0.0476945
0.0487389
0.0493244
0.0493209
0.0493224
0.0479632
0.0484733
0.0493208
0.0493234
0.0493207
0.0482305
0.0482063
0.0493226
0.0493237
0.0493214
0.0484963
0.0479413
0.049321
0.0493219
0.0493248
0.0487617
0.0476724
0.0493249
0.0493208
0.0493206
0.0490311
0.0474069
0.0493216
0.0493234
0.0493214
0.0492965
0.0471414
0.0493221
0.0493234
0.0493229
0.0493204
0.0471172
0.0493234
0.0493206
0.049325
0.0493225
0.0471172
0.0493231
0.049321
0.049321
0.0493244
0.0471169
0.0493232
0.0493231
0.0493211
0.0500108
0.0509421
0.0493224
0.049321
0.0493235
0.0471165
0.0493218
0.0493234
0.0493223
0.0493222
0.047119
0.0493199
0.0493207
0.0493234
0.0493219
0.0471187
0.049323
0.0493221
0.0493231
0.0493206
0.0471174
0.0493234
0.0493214
0.049323
0.0493231
0.0471163
0.0493204
0.0493232
0.0493212
0.0493228
0.0471594
0.0492777
0.0493201
0.0493232
0.0493215
0.0474255
0.0490107
0.0493229
0.0493203
0.0493237
0.0476908
0.0487433
0.049323
0.0493228
0.0493219
0.047959
0.0484781
0.0493209
0.0493235
0.0493218
0.0482235
0.0482122
0.0493203
0.0493237
0.0493211
0.0484894
0.0479438
0.0493228
0.049322
0.0493237
0.0487544
0.0476789
0.0493235
0.0493214
0.0493228
0.0490221
0.0474137
0.0493209
0.0493243
0.049321
0.0492897
0.0471482
0.0493215
0.0493208
0.049325
0.0493211
0.0471164
0.0493236
0.0493226
0.0493234
0.0493204
0.0471169
0.0493239
0.0493215
0.0493224
0.0493238
0.0471167
0.0493206
0.049325
0.0493211
0.0493213
0.0471187
0.049323
0.0493208
0.0493236
0.0493213
0.0471166
0.0493234
0.0493224
0.0493229
0.049323
0.0471163
0.0493217
0.0493235
0.0493205
0.0493231
0.0471183
0.0493217
0.0493206
0.0493233
0.0493208
0.0471172
0.0493233
0.0493234
0.0493231
0.0493203
0.0471172
0.0493234
0.0493205
0.0493232
0.0493234
0.0471172
0.0493207
0.0493231
0.049321
0.0493212
0.0471186
0.0493231
0.0493219
0.0493232
0.0493213
0.0471167
0.0493234
0.0493236
0.0493214
0.0493231
0.0471164
0.0493208
0.0493231
0.0493211
0.0493224
0.0471189
0.0493219
0.0493206
0.0493244
0.0493206
0.0471171
0.0493238
0.0538396
0.0493232
0.0487513
0.0476845
0.0493225
0.0493232
0.0493203
0.0490188
0.0474181
0.049321
0.049323
0.0493228
0.0492855
0.0471534
0.0493202
0.0493208
0.0493237
0.0493212
0.0471181
0.0493235
0.0493213
0.0493214
0.0493245
0.0471164
0.0493221
0.0493233
0.049322
0.0493242
0.0471168
0.0493205
0.0493243
0.049321
0.0493225
0.0471193
0.0493215
0.0493209
0.0493243
0.0493207
0.0471168
0.0493243
0.049322
0.0493203
0.0493251
0.0471162
0.0493206
0.0493249
0.0493226
0.0493221
0.047119
0.0493211
0.049321
0.0493243
0.0493214
0.0471187
0.0493234
0.0493213
0.0493245
0.0493207
0.0471166
0.0493248
0.0493218
0.0493224
0.0493235
0.0471166
0.0493205
0.049324
0.0493213
0.0493229
0.0471183
0.049322
0.0493207
0.0493232
0.0493212
0.0471182
0.0493231
0.0493221
0.049321
0.0493235
0.0471165
0.0493213
0.049323
0.0493229
0.0493219
0.0471187
0.0493212
0.0493203
0.0493234
0.0493224
0.0471181
0.049323
0.0493214
0.0493232
0.0493204
0.0471167
0.0493237
0.0493224
0.0493233
0.0493229
0.0471169
0.0493203
0.0493235
0.0493217
0.049322
0.0471191
0.0493221
0.0493199
0.0493235
0.049321
0.0471171
0.0493238
0.0493235
0.0493203
0.0493238
0.0471165
0.049321
0.0493241
0.049322
0.0493223
0.0471194
0.0493202
0.0493211
0.0493244
0.0493215
0.0471176
0.0493225
0.0493217
0.0493238
0.0493206
0.0471166
0.0493235
0.0493214
0.0493228
0.0493239
0.0471163
0.0493209
0.0493243
0.049321
0.0493223
0.0471197
0.0493219
0.0493206
0.049325
0.0493211
0.0471164
0.0493236
0.0493226
0.0493209
0.0538427
0.0471183
0.0493232
0.0493212
0.0493209
0.0493244
0.0471164
0.0493221
0.0493243
0.0493222
0.0493203
0.04712
0.0493207
0.0493205
0.0493249
0.0493226
0.0471172
0.0493232
0.0493211
0.049321
0.0493243
0.0471169
0.0493231
0.0493232
0.0493214
0.0493213
0.0471188
0.0493206
0.0493236
0.0493234
0.0493221
0.0471164
0.049323
0.049321
0.0493244
0.0493212
0.0471187
0.0493231
0.0493214
0.0493214
0.0493232
0.0471166
0.0493224
0.0493234
0.049322
0.0493209
0.0471185
0.0493207
0.0493213
0.0493231
0.0493232
0.0471176
0.0493227
0.0493211
0.0493204
0.0493233
0.0471174
0.0493231
0.0493229
0.0493213
0.0493204
0.0471192
0.0493213
0.049322
0.0493242
0.0493224
0.0471162
0.0493238
0.0493203
0.0493236
0.0493223
0.0471181
0.0493231
0.0493216
0.0493201
0.0493235
0.0471167
0.0493216
0.0493237
0.0493233
0.0493204
0.0471198
0.0493202
0.0493211
0.0493243
0.049322
0.0471178
0.0493242
0.0493204
0.049321
0.0493242
0.0473271
0.0491077
0.0493242
0.0493215
0.0493208
0.0475947
0.0488409
0.0493222
0.0493226
0.0493226
0.0478604
0.0485766
0.0493212
0.0493242
0.0493209
0.0481257
0.04831
0.0493219
0.0493204
0.049325
0.0483927
0.0480405
0.0493234
0.049323
0.0493208
0.0486588
0.0477751
0.0493212
0.0493234
0.0493224
0.0489251
0.0475103
0.0493204
0.0493215
0.0493231
0.0491913
0.0472429
0.0493231
0.0493207
0.0493235
0.0493211
0.0471166
0.0493236
0.0493223
0.0493229
0.0493231
0.0471163
0.0493216
0.0493236
0.0493206
0.0493231
0.0471183
0.0493216
0.0493207
0.0493232
0.0493207
0.0471172
0.0538425
0.0493206
0.0493213
0.0471189
0.0493229
0.0493224
0.0493227
0.0493207
0.0471165
0.0493234
0.0493224
0.0493231
0.0493224
0.0471169
0.0493235
0.0493205
0.0493213
0.049323
0.0471186
0.0493219
0.0493228
0.0493207
0.0493206
0.0471187
0.049323
0.0493224
0.0493236
0.0493213
0.0471163
0.0493234
0.0493213
0.0493223
0.0493241
0.0473216
0.0491127
0.0493238
0.0493203
0.0493214
0.0475908
0.0488471
0.0493218
0.0493243
0.0493204
0.0478566
0.0485806
0.0493221
0.0493244
0.0493219
0.0481207
0.0483158
0.0493207
0.0493214
0.0493239
0.048386
0.0480471
0.0493241
0.0493204
0.0493215
0.0486571
0.0477814
0.0493219
0.0493248
0.0493204
0.0489201
0.0475146
0.0493218
0.0493226
0.0493235
0.0491871
0.0472462
0.0493239
0.0493213
0.0493244
0.049322
0.0471176
0.0493248
0.0493206
0.0493205
0.049325
0.047117
0.0493223
0.0493236
0.0493218
0.0493206
0.047119
0.0493213
0.0493229
0.0493231
0.0493219
0.0471171
0.0493229
0.0493204
0.0493223
0.0493233
0.0471172
0.0493216
0.0493233
0.0493204
0.0493213
0.0471185
0.0493222
0.0493233
0.0493226
0.049321
0.0471165
0.0493235
0.0493218
0.0493234
0.0493223
0.0471179
0.0493231
0.0493199
0.0493207
0.0493234
0.0471171
0.049323
0.049323
0.049322
0.0493202
0.0471191
0.0493217
0.049322
0.049323
0.0493221
0.0471158
0.0493236
0.0493207
0.0493215
0.0493233
0.0471187
0.0493214
0.0493238
0.0493207
0.0493211
0.0471193
0.0493218
0.0493228
0.0493241
0.0493203
0.0471169
0.0493244
0.0493209
0.049323
0.0493228
0.0471178
0.0493238
0.0493203
0.0538386
0.0486498
0.0477879
0.0493204
0.0493242
0.0493207
0.0489163
0.0475213
0.0493225
0.049321
0.0493241
0.0491808
0.0472521
0.0493239
0.0493221
0.0493223
0.0493233
0.0471157
0.0493205
0.0493236
0.0493214
0.0493239
0.0471181
0.0493219
0.0493241
0.0493201
0.049321
0.0471193
0.0493217
0.0493219
0.0493247
0.0493206
0.0471165
0.0493251
0.0493211
0.0493223
0.0493233
0.0471178
0.0493199
0.049324
0.049321
0.0493219
0.047119
0.0493224
0.0493218
0.0493232
0.0493206
0.0471178
0.0493234
0.0493223
0.0493234
0.0493223
0.047116
0.049324
0.0493211
0.0493219
0.0493236
0.0471176
0.0493221
0.0493231
0.0493206
0.0493218
0.0471187
0.0493211
0.049323
0.049323
0.0493205
0.0471165
0.0493232
0.0493212
0.0493228
0.049323
0.0471183
0.0493204
0.0493232
0.0493217
0.0493212
0.0471183
0.0493231
0.0493215
0.0493233
0.0493204
0.0471168
0.049323
0.0493228
0.049323
0.0493229
0.0471165
0.0493234
0.0493216
0.0493212
0.0493228
0.0471186
0.0493212
0.0493232
0.0493207
0.0493207
0.0471186
0.0493219
0.0493222
0.0493234
0.0493203
0.0471162
0.0493244
0.0493208
0.0493226
0.0493236
0.0471172
0.0493211
0.0493241
0.0493208
0.0493212
0.0471189
0.0493225
0.0493214
0.0493228
0.0493205
0.0471163
0.0493229
0.0493225
0.0493237
0.0493218
0.0471168
0.049324
0.0493206
0.0493212
0.0493242
0.047118
0.0493214
0.0493248
0.0493206
0.0493212
0.0471201
0.0493218
0.0493226
0.0493235
0.0493212
0.0471165
0.0493239
0.0493213
0.0493232
0.0493231
0.0471176
0.0493211
0.0493227
0.0493205
0.049325
0.0471821
0.105172
0.0471194
0.0493201
0.0493211
0.0493235
0.0493218
0.0471183
0.0493237
0.0493203
0.0493213
0.0493242
0.0471168
0.0493224
0.0493249
0.0493219
0.0493204
0.0471189
0.0493209
0.0493227
0.0493235
0.0493226
0.0471185
0.0493202
0.0493211
0.0493244
0.0493215
0.0471176
0.0493242
0.0493217
0.0493206
0.049325
0.0471166
0.0493212
0.0493234
0.0493228
0.0493209
0.0471188
0.0493211
0.0493209
0.0493236
0.0493223
0.0471183
0.0493232
0.0493209
0.0493216
0.0493236
0.0471165
0.0493232
0.0493236
0.0493212
0.0493239
0.0471167
0.0493213
0.0493239
0.0493218
0.0493233
0.0471179
0.0493208
0.0493218
0.0493236
0.0493206
0.0471186
0.0493232
0.0493216
0.0493207
0.0493233
0.0471166
0.0493219
0.0493233
0.0493233
0.049321
0.0471186
0.0493214
0.049321
0.0493233
0.0493233
0.0471172
0.0493231
0.0493204
0.0493206
0.0493232
0.0471172
0.0493225
0.0493238
0.0493217
0.0493231
0.0472406
0.0491935
0.0493228
0.049323
0.0493225
0.0475069
0.0489277
0.0493205
0.0493234
0.0493213
0.0477728
0.0486625
0.0493219
0.0493205
0.0493241
0.0480387
0.0483951
0.049324
0.0493225
0.0493211
0.0483074
0.0481284
0.0493213
0.0493243
0.0493223
0.0485731
0.0478646
0.0493207
0.0493204
0.0493235
0.0488384
0.047596
0.0493224
0.0493218
0.049324
0.0491036
0.0473285
0.0493242
0.0493215
0.0493225
0.0493241
0.0471162
0.0493206
0.0493252
0.049321
0.0493223
0.0471183
0.0493223
0.0493202
0.0493236
0.0493212
0.0471174
0.0493233
0.0493224
0.0493214
0.0493235
0.0471165
0.0493217
0.0493235
0.0493223
0.0493233
0.0471178
0.0538354
0.0493244
0.0493226
0.0471167
0.0493233
0.0493215
0.0493207
0.0493237
0.0471168
0.0493233
0.0493228
0.0493203
0.0493215
0.0471188
0.0493206
0.0493233
0.0493232
0.0493221
0.0471164
0.0493231
0.049321
0.0493211
0.0493236
0.0471187
0.0493221
0.0493227
0.0493213
0.0493231
0.0472351
0.0492001
0.0493231
0.0493224
0.0493209
0.0475026
0.0489327
0.0493213
0.049323
0.0493229
0.047768
0.0486684
0.0493211
0.0493203
0.0493236
0.0480361
0.0484007
0.0493231
0.0493216
0.0493201
0.0483031
0.0481342
0.0493217
0.0493239
0.0493233
0.0485656
0.0478679
0.0493202
0.0493211
0.0493243
0.0488328
0.0476007
0.0493242
0.0493199
0.0493234
0.0490988
0.0473356
0.0493238
0.0493233
0.0493203
0.0493239
0.0471165
0.049321
0.0493241
0.049322
0.0493223
0.0471194
0.0493202
0.0493211
0.049324
0.0493215
0.0471176
0.0493243
0.0493214
0.0493206
0.049325
0.0471166
0.0493214
0.0493234
0.049323
0.0493234
0.0471163
0.0493209
0.049324
0.0493214
0.0493224
0.0471195
0.0493217
0.0493206
0.049325
0.0493209
0.0471164
0.0493234
0.0493228
0.0493209
0.0493235
0.0471169
0.0493209
0.0493236
0.0493223
0.0493229
0.0471184
0.0493209
0.0493216
0.0493236
0.0493206
0.0471186
0.0493232
0.0493216
0.0493207
0.0493232
0.0471166
0.0493219
0.0493233
0.0493234
0.0493229
0.0471164
0.0493216
0.0493234
0.0493206
0.0493236
0.0471189
0.0493221
0.0493206
0.0493233
0.0493207
0.0471172
0.0493233
0.0493233
0.049321
0.049323
0.0471172
0.049321
0.0493233
0.0493233
0.0493218
0.047119
0.0493204
0.0493206
0.0538403
0.0488278
0.047606
0.0493234
0.049321
0.049323
0.0490948
0.0473421
0.0493223
0.0493212
0.0493202
0.0493235
0.0471178
0.049322
0.049323
0.0493221
0.0493199
0.0471194
0.049321
0.0493217
0.049324
0.0493232
0.0471162
0.0493238
0.0493203
0.049321
0.0493241
0.0471177
0.0493223
0.0493241
0.0493199
0.0493212
0.0471193
0.0493217
0.0493221
0.0493232
0.0493205
0.0471165
0.049324
0.049321
0.0493241
0.049322
0.0471178
0.0493242
0.0493202
0.0493211
0.0493244
0.0471169
0.0493223
0.0493239
0.0493218
0.0493205
0.0471197
0.0493211
0.0493223
0.0493233
0.0493224
0.047116
0.049324
0.049321
0.0493219
0.0493238
0.0471176
0.0493218
0.0493232
0.0493208
0.049325
0.0471166
0.0493214
0.0493236
0.0493226
0.0493209
0.0471188
0.0493213
0.0493209
0.0493235
0.0493223
0.0471183
0.0493232
0.0493208
0.0493218
0.0493236
0.0471165
0.0493231
0.0493237
0.0493212
0.0493204
0.0471191
0.0493212
0.0493228
0.049323
0.0493229
0.0471165
0.0493232
0.0493217
0.0493212
0.049323
0.0471186
0.0493212
0.0493232
0.0493206
0.0493233
0.0471166
0.0493221
0.0493233
0.0493234
0.049321
0.0471186
0.0493214
0.0493208
0.0493234
0.0493232
0.0471172
0.0493231
0.0493207
0.0493205
0.0493231
0.0471172
0.0493224
0.0493237
0.0493219
0.0493206
0.0471191
0.0493208
0.0493226
0.0493236
0.0493214
0.0471168
0.0493241
0.0493208
0.0493212
0.0493238
0.047118
0.0493215
0.0493233
0.0493206
0.0493244
0.0471165
0.0493217
0.0493238
0.0493226
0.049321
0.0471445
0.0492922
0.0493215
0.0493243
0.0493221
0.047202
0.0537615
0.0493215
0.0493223
0.0493239
0.0471167
0.0493208
0.049325
0.0493211
0.0493228
0.047118
0.0493226
0.0493234
0.0493204
0.0493211
0.0471193
0.0493211
0.0493218
0.0493247
0.0493221
0.0471156
0.049325
0.0493208
0.0493206
0.0493244
0.0471181
0.0493216
0.0493233
0.0493215
0.0493207
0.0471188
0.0493213
0.0493231
0.049323
0.0493207
0.0471172
0.0493233
0.0493206
0.0493233
0.0493232
0.0471172
0.0493204
0.0493231
0.049321
0.0493243
0.0471169
0.0493231
0.0493234
0.049321
0.0493213
0.0471188
0.0493205
0.0493232
0.0493234
0.049322
0.0471164
0.0493231
0.049321
0.0493212
0.0493236
0.0471187
0.0493221
0.049323
0.0493213
0.0493206
0.0471187
0.049323
0.0493224
0.0493236
0.0493213
0.0471163
0.0493234
0.0493213
0.0493223
0.0493241
0.0471176
0.0493207
0.0493238
0.0493203
0.0493234
0.0471174
0.0493229
0.0493227
0.0493213
0.0493204
0.0471394
0.049298
0.0493221
0.0493234
0.0493222
0.0474029
0.049033
0.0493204
0.0493213
0.049324
0.0476711
0.0487642
0.0493241
0.0493204
0.0493215
0.0479393
0.0484989
0.0493219
0.0493248
0.0493204
0.0482049
0.0482322
0.0493216
0.0493226
0.0493223
0.0484694
0.0479674
0.0493204
0.0493213
0.0493244
0.0487363
0.0476989
0.0493248
0.0493206
0.0493205
0.0490048
0.0474328
0.0493223
0.0493236
0.0493218
0.0492695
0.0471667
0.0493212
0.0493229
0.0493232
0.0493222
0.0471167
0.0493229
0.0493204
0.0493223
0.0493233
0.0471172
0.0493216
0.0493233
0.0493204
0.0493236
0.0471167
0.0493221
0.0493234
0.0493225
0.0493212
0.0471185
0.0493209
0.0538413
0.0493232
0.0471156
0.0493216
0.0493236
0.0493206
0.0493231
0.0471183
0.0493216
0.0493207
0.0493232
0.0493207
0.0471172
0.0493233
0.0493234
0.049321
0.0493233
0.0471172
0.0493208
0.0493234
0.0493236
0.0493234
0.0471172
0.0493204
0.049323
0.049321
0.0493211
0.0471334
0.0493037
0.0493219
0.0493228
0.0493214
0.0473974
0.0490358
0.0493224
0.0493226
0.0493227
0.0476624
0.0487698
0.0493233
0.0493213
0.0493221
0.047932
0.0485064
0.0493206
0.0493238
0.0493204
0.048198
0.0482393
0.0493231
0.049322
0.0493241
0.0484625
0.0479702
0.0493239
0.0493221
0.0493233
0.0487299
0.047705
0.0493237
0.0493202
0.049321
0.0489981
0.0474393
0.0493224
0.0493242
0.0493199
0.0492643
0.0471721
0.0493216
0.0493224
0.0493242
0.0493204
0.0471165
0.0493251
0.0493211
0.0493223
0.0493233
0.0471178
0.0493199
0.049324
0.049321
0.0493236
0.0471168
0.0493224
0.0493238
0.0493215
0.0493206
0.0471197
0.049321
0.0493223
0.0493234
0.0493223
0.047116
0.049324
0.0493211
0.0493219
0.0493236
0.0471176
0.0493221
0.0493231
0.0493206
0.0493218
0.0471187
0.0493211
0.049323
0.049323
0.0493205
0.0471165
0.0493232
0.0493212
0.0493228
0.049323
0.0471183
0.0493204
0.0493232
0.0493217
0.0493235
0.0471165
0.0493231
0.0493236
0.0493214
0.0493204
0.0471191
0.0493209
0.0493228
0.049323
0.0493229
0.0471165
0.0493234
0.0493216
0.0493212
0.0493228
0.0471186
0.0493212
0.0493232
0.0493207
0.0493207
0.0471186
0.0493219
0.0493222
0.0493234
0.0493203
0.0471162
0.0493244
0.0493208
0.0493226
0.0532461
0.0477101
0.0493236
0.0493223
0.0493231
0.048991
0.0474441
0.0493201
0.0493235
0.0493213
0.0492572
0.0471775
0.0493233
0.0493206
0.0493237
0.0493202
0.0471168
0.0493243
0.049322
0.0493224
0.0493242
0.0471158
0.049321
0.0493242
0.0493215
0.0493223
0.0471179
0.0493215
0.0493208
0.0493235
0.0493211
0.0471179
0.0493236
0.0493222
0.0493242
0.0493204
0.0471167
0.049324
0.0493215
0.0493224
0.0493238
0.0471167
0.0493206
0.049325
0.0493211
0.0493213
0.0471187
0.049323
0.0493208
0.0493236
0.0493213
0.0471166
0.0493234
0.0493224
0.0493229
0.049323
0.0471163
0.0493217
0.0493235
0.0493205
0.0493244
0.0471181
0.0493217
0.0493233
0.0493215
0.0493208
0.0471188
0.0493211
0.049323
0.049323
0.0493207
0.0471172
0.0493234
0.0493205
0.0493232
0.0493234
0.0471172
0.0493207
0.0493231
0.049321
0.0493212
0.0471186
0.0493231
0.0493219
0.0493232
0.0493213
0.0471167
0.0493234
0.0493236
0.0493214
0.0493231
0.0471164
0.0493208
0.0493231
0.0493211
0.0493235
0.0471187
0.0493219
0.0493228
0.0493214
0.0493206
0.0471187
0.049323
0.0493225
0.0493235
0.0493209
0.0471163
0.0493233
0.0493213
0.0493221
0.0493244
0.0471176
0.0493206
0.0493238
0.0493204
0.0493213
0.0471188
0.0493231
0.049322
0.0493241
0.0493204
0.0471168
0.0493244
0.049322
0.0493219
0.0493231
0.0471162
0.0493205
0.0493236
0.0493214
0.0493239
0.0471181
0.0493219
0.0493241
0.0493201
0.049321
0.0471193
0.0493217
0.0493219
0.0493247
0.0493206
0.0471165
0.0493251
0.0493211
0.0493223
0.0493233
0.0473061
0.0491281
0.0538398
0.049323
0.0493234
0.0471163
0.0493209
0.049324
0.0493214
0.0493224
0.0471195
0.0493217
0.0493206
0.049325
0.0493209
0.0471164
0.0493234
0.0493228
0.0493209
0.0493235
0.0471169
0.0493209
0.0493236
0.0493223
0.0493229
0.0471184
0.0493209
0.0493216
0.0493236
0.0493206
0.0471186
0.0493232
0.0493216
0.0493207
0.0493232
0.0471166
0.0493219
0.0493233
0.0493234
0.0493229
0.0471164
0.0493216
0.0493234
0.0493206
0.0493236
0.0471189
0.0493221
0.0493206
0.0493233
0.0493207
0.0471172
0.0493233
0.0493233
0.049321
0.049323
0.0471172
0.049321
0.0493233
0.0493233
0.0493218
0.047119
0.0493204
0.0493206
0.0493232
0.0493211
0.047118
0.0493235
0.0493221
0.0493206
0.0493242
0.0471165
0.0493216
0.0493238
0.0493225
0.0493228
0.0471169
0.0493204
0.0493234
0.0493213
0.049322
0.0471196
0.0493219
0.0493205
0.0493241
0.0493206
0.0471171
0.049324
0.0493225
0.0493211
0.0493242
0.0473006
0.0491322
0.0493243
0.0493223
0.0493219
0.0475699
0.0488676
0.0493212
0.0493244
0.0493216
0.0478336
0.048602
0.049321
0.049324
0.0493208
0.0481015
0.0483353
0.0493225
0.0493214
0.0493244
0.0483661
0.0480671
0.0493248
0.0493225
0.0493222
0.0486339
0.0478017
0.049321
0.0493244
0.0493212
0.0489003
0.0475361
0.0493211
0.0493216
0.0493234
0.0491667
0.0472681
0.0493232
0.0493221
0.0493206
0.0493233
0.0471166
0.0493219
0.0493233
0.0493233
0.0493228
0.0471164
0.0493213
0.0493233
0.0493206
0.0493233
0.0471189
0.049322
0.0493205
0.0493233
0.0493208
0.0471172
0.0493233
0.0493234
0.0538402
0.0471185
0.0493221
0.0493232
0.0493223
0.0493212
0.0471165
0.0493235
0.0493217
0.049322
0.049323
0.0471179
0.0493202
0.0493236
0.0493207
0.0493235
0.0471171
0.049323
0.049323
0.0493219
0.0493203
0.0471191
0.0493216
0.049322
0.0493231
0.0493221
0.0471158
0.0493233
0.0493207
0.0493215
0.049323
0.0472966
0.0491382
0.0493239
0.0493202
0.049321
0.047565
0.0488727
0.0493224
0.0493242
0.0493199
0.0478303
0.0486069
0.0493216
0.0493224
0.049323
0.0480948
0.0483378
0.0493239
0.0493211
0.0493243
0.0483619
0.0480739
0.0493242
0.0493204
0.049321
0.0486296
0.047806
0.0493224
0.0493238
0.0493215
0.0488939
0.0475407
0.0493214
0.049322
0.0493243
0.049159
0.0472729
0.049324
0.0493211
0.0493219
0.0493236
0.0471176
0.0493221
0.0493231
0.0493206
0.049325
0.0471166
0.0493214
0.0493234
0.049323
0.0493208
0.0471188
0.0493211
0.0493212
0.0493234
0.0493224
0.0471183
0.0493232
0.0493208
0.0493217
0.0493235
0.0471165
0.0493231
0.0493236
0.0493214
0.0493204
0.0471191
0.0493209
0.0493228
0.049323
0.0493229
0.0471165
0.0493234
0.0493216
0.0493212
0.0493228
0.0471186
0.0493212
0.0493232
0.0493207
0.0493232
0.0471166
0.0493219
0.0493233
0.0493234
0.049321
0.0471186
0.0493215
0.0493208
0.0493234
0.0493236
0.0471172
0.0493231
0.0493204
0.0493208
0.0493231
0.0471172
0.0493225
0.0493237
0.0493217
0.0493205
0.0471191
0.049321
0.0493225
0.0493237
0.0493218
0.0471168
0.049324
0.0493206
0.0493212
0.0493237
0.047118
0.0493214
0.0493232
0.0493206
0.0493242
0.0471165
0.053838
0.0493239
0.0493202
0.0488891
0.0475476
0.049322
0.0493223
0.0493242
0.0491545
0.0472782
0.0493242
0.0493215
0.0493225
0.0493241
0.0471162
0.0493206
0.0493252
0.049321
0.0493226
0.0471181
0.0493223
0.0493236
0.0493201
0.0493212
0.0471192
0.0493218
0.0493221
0.0493249
0.0493205
0.0471165
0.0493252
0.049321
0.0493223
0.0493233
0.0471178
0.04932
0.0493239
0.0493211
0.0493217
0.047119
0.0493223
0.0493219
0.0493232
0.0493205
0.0471178
0.0493234
0.0493223
0.0493221
0.0493232
0.047116
0.0493207
0.0493234
0.0493219
0.0493238
0.0471176
0.0493218
0.0493232
0.0493208
0.0493215
0.0471187
0.0493213
0.0493232
0.0493231
0.0493205
0.0471165
0.0493233
0.0493209
0.0493228
0.0493229
0.0471183
0.0493202
0.0493232
0.0493218
0.0493212
0.0471183
0.0493231
0.0493214
0.0493232
0.0493204
0.0471168
0.0493229
0.0493228
0.0493219
0.0493237
0.0471165
0.0493208
0.0493235
0.0493212
0.049323
0.0471186
0.0493212
0.0493232
0.0493206
0.0493207
0.0471186
0.0493217
0.0493221
0.0493234
0.0493204
0.0471162
0.0493243
0.0493208
0.0493226
0.0493237
0.0471172
0.0493211
0.0493242
0.0493205
0.0493214
0.0471192
0.0493224
0.049321
0.0493244
0.0493206
0.0471163
0.0493249
0.0493226
0.0493232
0.0493212
0.0471168
0.0493238
0.0493207
0.0493221
0.0493243
0.0471181
0.0493214
0.0493244
0.0493205
0.0493205
0.0471197
0.0493225
0.0493221
0.0493234
0.0493208
0.0471166
0.0493244
0.0493221
0.0493234
0.0493229
0.0471164
0.0493216
0.0493234
0.0493206
0.0493236
0.0472049
0.0492312
0.0493206
0.0538391
0.0493224
0.0471186
0.049321
0.0493207
0.049324
0.0493213
0.0471186
0.0493231
0.049322
0.0493207
0.0493232
0.0471166
0.0493226
0.0493231
0.0493221
0.049321
0.0471185
0.0493206
0.0493213
0.049323
0.0493229
0.0471176
0.0493227
0.0493212
0.0493203
0.0493234
0.0471174
0.0493229
0.0493227
0.0493213
0.0493236
0.0471163
0.0493214
0.049323
0.0493231
0.0493222
0.0471182
0.0493211
0.0493204
0.0493233
0.0493223
0.0471181
0.0493231
0.0493214
0.0493201
0.0493235
0.0471167
0.0493213
0.0493238
0.0493235
0.0493203
0.0471198
0.0493202
0.049321
0.0493241
0.049322
0.0471178
0.0493242
0.0493202
0.0493211
0.0493244
0.0471169
0.0493223
0.0493225
0.0493218
0.0493239
0.0471165
0.0493214
0.0493239
0.0493222
0.0493224
0.047119
0.0493204
0.049321
0.0493242
0.0493215
0.0471176
0.0493242
0.0493215
0.0493208
0.049325
0.0471166
0.0493214
0.0493236
0.0493226
0.0493209
0.0472012
0.0492353
0.0493219
0.0493236
0.0493224
0.0474671
0.0489698
0.0493206
0.049325
0.0493211
0.0477334
0.0487035
0.0493228
0.0493205
0.0493236
0.0479993
0.048434
0.0493234
0.0493224
0.0493229
0.048266
0.0481694
0.0493215
0.0493231
0.0493211
0.0485331
0.0479044
0.0493209
0.049321
0.0493232
0.0487994
0.047636
0.049323
0.0493229
0.0493201
0.0490671
0.0473693
0.0493218
0.0493225
0.0493229
0.0493231
0.0471164
0.0493211
0.0493232
0.0493209
0.0493228
0.0471188
0.0493229
0.04932
0.0493234
0.0493215
0.0471171
0.0493225
0.0493231
0.0493203
0.0493237
0.0471165
0.049321
0.049323
0.0493228
0.0527484
0.0996013
0.0471163
0.0493243
0.0493212
0.0493231
0.0493234
0.0471169
0.0493213
0.0493232
0.0493212
0.049323
0.0471186
0.0493221
0.049321
0.0493235
0.0493207
0.0471167
0.049323
0.0493229
0.0493219
0.0493228
0.0471171
0.0493203
0.0493234
0.0493224
0.0493231
0.0472119
0.0492258
0.0493201
0.0493234
0.049321
0.047478
0.0489586
0.0493232
0.0493223
0.0493212
0.0477433
0.0486928
0.0493217
0.049322
0.049323
0.0480087
0.0484249
0.0493236
0.0493207
0.0493215
0.0482782
0.0481601
0.0493215
0.049324
0.0493203
0.048544
0.0478925
0.049322
0.0493223
0.0493241
0.0488085
0.047624
0.0493246
0.0493213
0.0493224
0.0490763
0.0473592
0.0493208
0.049324
0.049321
0.0493241
0.0471177
0.0493224
0.0493242
0.0493199
0.049321
0.0471193
0.0493217
0.0493219
0.0493247
0.0493206
0.0471165
0.0493251
0.0493211
0.0493223
0.0493233
0.0471178
0.0493199
0.049324
0.049321
0.0493219
0.047119
0.0493224
0.0493218
0.0493232
0.0493206
0.0471178
0.0493234
0.0493223
0.0493234
0.0493223
0.047116
0.049324
0.0493211
0.0493219
0.0493236
0.0471176
0.0493221
0.0493231
0.0493206
0.0493218
0.0471187
0.0493211
0.049323
0.049323
0.0493205
0.0471165
0.0493232
0.0493212
0.0493228
0.049323
0.0471183
0.0493204
0.0493232
0.0493217
0.0493212
0.0471183
0.0493231
0.0493215
0.0493233
0.0493204
0.0471168
0.049323
0.0493228
0.049323
0.0493229
0.0471165
0.0493234
0.0493216
0.0493212
0.0493228
0.0471186
0.0493212
0.0493232
0.0493207
0.0493207
0.0471186
0.0493219
0.0493222
0.0493234
0.0493203
0.0471162
0.053844
0.0493224
0.0493204
0.0490739
0.0473632
0.0493216
0.0493238
0.0493225
0.0493228
0.0471169
0.0493204
0.0493234
0.0493213
0.049322
0.0471196
0.0493219
0.0493205
0.0493241
0.0493206
0.0471171
0.049324
0.0493225
0.0493211
0.0493242
0.0471163
0.0493213
0.0493243
0.0493223
0.0493219
0.0471198
0.0493207
0.0493204
0.049325
0.0493214
0.0471172
0.0493232
0.0493218
0.0493233
0.0493203
0.0471169
0.049324
0.0493218
0.0493222
0.0493246
0.0471157
0.0493206
0.0493251
0.0493213
0.0493222
0.0471182
0.0493219
0.0493204
0.0493236
0.0493212
0.0471174
0.0493233
0.0493224
0.0493214
0.0493235
0.0471165
0.0493217
0.0493235
0.0493223
0.0493221
0.047119
0.04932
0.0493207
0.0493235
0.0493217
0.0471187
0.049323
0.0493219
0.0493231
0.0493206
0.0471174
0.0493235
0.0493212
0.0493229
0.049323
0.0471163
0.0493206
0.0493232
0.0493209
0.0493228
0.0471188
0.0493229
0.04932
0.0493234
0.0493215
0.0471171
0.0493225
0.0493231
0.0493203
0.0493237
0.0471165
0.049321
0.049323
0.0493228
0.049322
0.0471196
0.0493202
0.0493208
0.0493237
0.0493212
0.0471181
0.0493235
0.0493213
0.0493232
0.0493207
0.0471164
0.0493234
0.0493219
0.049322
0.0493242
0.0471168
0.0493205
0.0493243
0.049321
0.0493225
0.0471193
0.0493215
0.0493209
0.0493243
0.0493207
0.0471168
0.0493243
0.049322
0.0493203
0.0493251
0.0471162
0.0493206
0.0493249
0.0493226
0.0493233
0.0471171
0.0493211
0.0493239
0.0493206
0.0493221
0.0471208
0.0493154
0.0493203
0.049325
0.0493208
0.047385
0.0490492
0.0493225
0.0538385
0.0493252
0.0471168
0.0493223
0.0493233
0.0493223
0.0493202
0.0471189
0.049321
0.0493221
0.0493235
0.0493221
0.0471169
0.0493235
0.0493208
0.0493252
0.049321
0.0471177
0.0493233
0.0493224
0.0493204
0.0493235
0.0471167
0.0493223
0.0493237
0.0493224
0.0493213
0.0471185
0.0493208
0.0493216
0.0493234
0.0493223
0.0471179
0.0493233
0.0493199
0.0493207
0.0493234
0.0471171
0.049323
0.0493229
0.0493218
0.0493202
0.0471191
0.0493218
0.049322
0.049323
0.0493222
0.0471158
0.0493233
0.0493207
0.0493234
0.0493219
0.0471187
0.049323
0.0493221
0.0493206
0.0493233
0.0471174
0.0493218
0.0493225
0.049323
0.0493205
0.0471194
0.049321
0.0493209
0.0493229
0.0493228
0.0471178
0.0493239
0.0493204
0.0493208
0.0493235
0.0471168
0.0493229
0.0493235
0.0493215
0.0493212
0.0471196
0.0493209
0.0493224
0.0493233
0.0493219
0.0471163
0.0493212
0.0493207
0.0493235
0.0493212
0.0473812
0.0490561
0.0493214
0.0493209
0.0493244
0.0476463
0.0487877
0.0493247
0.049322
0.0493204
0.047915
0.0485211
0.0493213
0.0493232
0.0493225
0.04818
0.0482564
0.0493211
0.0493209
0.0493236
0.0484468
0.0479889
0.049323
0.0493206
0.049325
0.0487124
0.0477207
0.0493236
0.0493226
0.0493209
0.04898
0.0474561
0.0493209
0.0493235
0.0493223
0.0492477
0.0471913
0.0493204
0.0493218
0.0493232
0.0493213
0.0471185
0.0493231
0.0493208
0.049321
0.0493233
0.0471166
0.0493228
0.049323
0.0493229
0.04932
0.0471188
0.0493215
0.0493218
0.0493225
0.049323
0.047116
0.0493237
0.049321
0.0493232
0.0502395
0.0507141
0.049323
0.049321
0.0493211
0.0471186
0.0493232
0.0493217
0.0493232
0.0493216
0.0471167
0.0493233
0.0493233
0.0493218
0.0493231
0.0471164
0.0493206
0.0493232
0.0493211
0.0493225
0.0471189
0.0493221
0.0493206
0.0493242
0.0493207
0.0471171
0.0493238
0.0493225
0.0493228
0.0493209
0.0473753
0.0490602
0.0493213
0.049322
0.0493242
0.0476413
0.0487928
0.0493238
0.0493203
0.0493214
0.0479107
0.0485276
0.0493218
0.0493244
0.0493204
0.0481763
0.0482607
0.0493223
0.0493219
0.0493244
0.0484409
0.0479924
0.0493248
0.0493218
0.0493229
0.0487068
0.0477279
0.0493234
0.0493204
0.0493213
0.0489769
0.0474618
0.049322
0.0493242
0.0493204
0.0492416
0.0471953
0.0493217
0.0493221
0.0493237
0.049321
0.0471165
0.0493239
0.0493215
0.0493229
0.0493231
0.0471176
0.0493212
0.0493229
0.0493206
0.0493224
0.0471189
0.0493222
0.0493213
0.0493236
0.0493204
0.0471167
0.0493231
0.0493232
0.0493231
0.0493219
0.0471171
0.0493227
0.0493205
0.0493223
0.0493234
0.0471172
0.0493214
0.0493234
0.0493206
0.049321
0.0471185
0.0493222
0.0490712
0.0490712
