1446712 256282 206830 4929455 54271 1010251 952049 136481 736 66600 561 228 939552 
1438216 254125 205614 4941060 52953 1011009 953678 135636 0 66152 0 0 941561 
1438222 254126 205615 4941058 52959 1010998 953691 135632 0 66153 0 0 941568 
1438215 254125 205612 4941045 52954 1011018 953678 135638 0 66152 0 0 941567 
1438216 254125 205613 4941053 52954 1011008 953679 135636 0 66152 0 0 941568 
1438214 254128 205617 4941060 52957 1011009 953667 135635 0 66152 0 0 941564 
1438214 254126 205614 4941053 52953 1011009 953679 135636 0 66152 0 0 941568 
2136024 1020136 399562 3727504 93657 744429 706367 309681 1775 52436 0 0 808441 
3748229 1498807 842377 843586 417986 503122 504314 1571165 12798 0 0 0 57620 
3748222 1498805 842380 843590 417985 503122 504312 1571164 12798 0 0 0 57625 
3748222 1498806 842380 843590 417985 503122 504312 1571163 12799 0 0 0 57624 
3278346 1259077 1136967 950584 986195 586044 309311 857048 399997 26460 0 0 209983 
3234465 1236714 1164461 960574 1039247 593785 291102 790387 436161 28922 0 0 224184 
3234484 1236709 1164472 960562 1039245 593782 291106 790390 436150 28925 0 0 224193 
3234485 1236702 1164460 960565 1039248 593788 291102 790393 436161 28926 0 0 224184 
3234472 1236704 1164467 960570 1039248 593785 291101 790389 436159 28923 0 0 224186 
3234476 1236709 1164468 960568 1039244 593783 291103 790390 436153 28925 0 0 224193 
3234475 1236711 1164458 960569 1039249 593784 291102 790386 436160 28925 0 0 224183 
3234479 1236709 1164469 960568 1039247 593789 291103 790392 436157 28923 0 0 224187 
3234479 1236697 1164472 960567 1039241 593785 291107 780850 409456 55822 0 0 233529 
3234490 1236712 1164458 960566 1039246 593783 291100 770656 380900 84600 0 0 243504 
3234467 1236704 1164469 960570 1039246 593786 291106 770653 380895 84605 0 0 243502 
3234488 1236705 1164468 960567 1039251 593786 291103 770655 380900 84600 0 0 243506 
3234479 1236711 1164457 960569 1039243 593784 291101 770656 380900 84600 0 0 243502 
3234469 1236704 1164471 960564 1039247 593783 291104 770652 380896 84603 0 0 243508 
3234489 1236706 1164459 960567 1039245 593786 291100 770656 380901 84602 0 0 243504 
3234473 1236705 1164462 960569 1039250 593788 291101 770653 380899 84602 0 0 243501 
3234479 1236704 1164470 960567 1039239 593781 291109 770648 380888 84605 0 0 243514 
3234473 1236704 1164465 960567 1039249 593787 291101 770655 380898 84616 0 0 243488 
3234477 1236705 1164464 960569 1039241 593782 291104 770651 380899 84615 0 0 243494 
3234473 1236708 1164466 960568 1039249 593786 291103 770654 380895 84614 0 0 243491 
3234483 1236709 1164459 960564 1039248 593784 291100 770658 380900 84613 0 0 243489 
3234472 1236701 1164470 960566 1039242 593784 291105 770650 380897 84619 0 0 243494 
3234480 1236704 1164464 960568 1039249 593787 291101 770657 380899 84614 0 0 243491 
3234465 1236714 1164467 960571 1039243 593782 291105 770652 380895 84613 0 0 243493 
3234491 1236707 1164465 960565 1039252 593785 291103 770655 380900 84616 0 0 243490 
1633705 821905 1735901 810472 734957 548208 2174805 803062 233859 32171 18049 29506 423416 
651616 567430 2086478 718395 548271 520248 3330446 822928 143692 2 29121 47607 533789 
651614 567421 2086476 718387 548265 520241 3330467 822946 143676 2 29122 47613 533770 
651620 567434 2086476 718391 548272 520241 3330473 822934 143672 3 29122 47614 533773 
651616 567418 2086482 718387 548265 520243 3330487 822956 143664 2 29122 47611 533770 
651614 567414 2086475 718379 548263 520241 3330487 822952 143670 2 29122 47611 533771 
651615 567421 2086483 718388 548264 520243 3330482 822949 143677 2 29123 47612 533767 
651618 567433 2086471 718398 548275 520247 3330447 822923 143688 3 29120 47606 533782 
651614 567421 2086476 718387 548266 520241 3330470 822949 143675 2 29123 47612 533768 
651616 567424 2086474 718383 548263 520241 3330488 822926 143676 2 29122 47615 533770 
651615 567418 2086483 718383 548264 520242 3330485 822950 143675 2 29122 47612 533766 
651614 567421 2086476 718387 548265 520241 3330466 822961 143664 2 29122 47611 533770 
651618 567424 2086476 718391 548270 520242 3330470 822951 143665 3 29122 47611 533778 
651614 567421 2086476 718387 548265 520241 3330463 822949 143679 2 29123 47612 533768 
651616 567427 2086478 718394 548270 520249 3330469 822911 143694 2 29120 47606 533785 
651615 567414 2086475 718379 548263 520241 3330486 822947 143674 2 29123 47612 533771 
651618 567434 2086475 718391 548270 520240 3330464 822946 143668 3 29122 47615 533763 
651614 567421 2086476 718387 548265 520241 3330466 822950 143678 2 29122 47612 533766 
651614 567421 2086476 718387 548266 520241 3330469 822961 143664 2 29122 47611 533770 
651616 567421 2086482 718388 548265 520243 3330485 822948 143671 2 29122 47611 533771 
651617 567423 2086471 718389 548270 520248 3330466 822910 143687 3 29121 47607 533795 
651614 567421 2086476 718387 548265 520241 3330467 822947 143677 2 29123 47612 533768 
651616 567431 2086475 718387 548268 520239 3330467 822947 143675 2 29122 47613 533758 
651616 567421 2086482 718388 548265 520243 3330487 822942 143675 2 29122 47613 533769 
651614 567418 2086477 718386 548264 520242 3330484 822939 143677 2 29122 47612 533765 
651617 567417 2086475 718383 548266 520242 3330488 822959 143657 3 29122 47611 533775 
651616 567430 2086478 718395 548271 520248 3330444 822933 143688 2 29120 47606 533792 
651614 567421 2086476 718387 548265 520241 3330467 822946 143676 2 29123 47612 533770 
651616 567431 2086476 718387 548267 520240 3330472 822930 143679 2 29123 47614 533767 
3472081 1215194 814563 1017472 240673 666912 346925 1086167 877783 8 1137 1860 259227 
3586478 1241534 762972 1029631 228163 672877 225822 1096840 907637 0 0 0 248056 
3586471 1241537 762977 1029629 228162 672876 225822 1096834 907646 0 0 0 248052 
2574708 1073162 834864 1261894 892647 633175 304251 1094542 1045879 331 0 0 284555 
698334 760848 968173 1692648 2124976 559562 449713 1090350 1302339 942 0 0 352118 
698349 760870 968172 1692641 2124962 559558 449713 1090324 1302329 951 0 0 352141 
698336 760856 968181 1692647 2124974 559556 449706 1090336 1302330 951 0 0 352131 
699109 761078 971802 1679671 2100409 553569 513309 1084369 1280031 2293 12 0 354365 
735795 772404 1158089 1014930 841290 246383 3777062 779515 137477 71803 598 0 464667 
735793 772405 1158096 1014932 841293 246384 3777042 779550 137473 71795 599 0 464666 
735789 772395 1158079 1014933 841296 246382 3777053 779575 137458 71795 599 0 464660 
735792 772400 1158096 1014931 841291 246387 3777073 779512 137468 71800 598 0 464684 
735800 772409 1158090 1014933 841297 246384 3777032 779538 137488 71798 601 0 464664 
735783 772397 1158091 1014927 841292 246383 3777063 779531 137477 71798 599 0 464666 
735805 772408 1158090 1014929 841293 246388 3777039 779531 137461 71797 597 0 464684 
1851659 685283 1018730 802484 707316 565464 2743092 897881 102943 55489 5337 0 564337 
927504 895481 1259402 517133 712566 2619382 288822 2291493 31422 0 33034 0 423782 
927488 895470 1259390 517119 712528 2619534 288803 2291485 31409 0 33032 0 423749 
927514 895458 1259405 517112 712531 2619415 288820 2291528 31424 0 33034 0 423773 
