7289056 7220 14005 10083 244619 123 159 267 349 232 297 2822 2430771 
7498302 650 329 359 297 479 373 66 66 25 15 5 2499036 
7489519 2445 1900 2038 2179 2877 2205 1562 1779 1601 75 37 2491785 
4704720 574919 583022 560820 551154 467207 549555 392608 242527 102939 91629 127441 1051470 
3037209 895845 913537 869833 843523 741489 883009 634851 386387 161855 144613 202774 285083 
3197890 903715 875456 822692 838304 668341 853166 702157 407998 149350 134431 158603 287897 
3183047 889292 864326 830104 828005 688682 853701 697733 410117 150942 142830 169844 291377 
3107313 910867 897957 855134 843734 706254 847998 655851 381414 162930 147462 181062 302024 
3041200 905881 911299 861094 842483 746093 880677 626412 350079 181030 153160 219755 280837 
3089345 915859 921136 854560 850289 726382 850878 626979 379841 161314 154427 189982 279008 
3156232 923970 903077 863105 892731 682114 805662 637980 375769 160686 143509 166370 288795 
3079851 892394 899767 862008 840888 715778 908540 657459 374336 156368 138684 196206 277721 
3075490 909477 892098 857791 848403 728353 859943 643553 385392 165015 150791 198271 285426 
3075236 898906 898063 880984 862421 733851 834765 619261 360554 182631 152056 209795 291483 
3225738 856338 837845 811743 826158 681958 899033 696552 416498 159508 135835 167516 285278 
3100440 914377 906404 868631 857575 697374 830327 654427 366914 165280 152248 200999 285005 
3082109 915420 907894 867369 854389 719065 830553 646450 360077 170351 155677 198117 292530 
3175813 908907 866325 838867 836283 684743 826245 654728 382743 195876 156927 192522 280021 
2986645 899513 949479 873150 825861 737296 916032 640672 354124 162060 156464 214757 283948 
3115513 896252 898397 870416 836095 701809 882692 647460 370722 157144 134279 185739 303482 
3127665 905604 894605 833892 808809 715626 854488 666131 395887 168258 144778 210390 273875 
3119360 910898 893864 825490 801999 721440 878520 684754 389775 156921 138203 190114 288662 
3135220 920129 896931 831295 807434 714388 851394 692519 384700 155452 133289 183972 293281 
3148056 905085 881924 847488 834509 699869 858714 672784 385573 158774 140293 180607 286324 
3171654 896396 874341 847908 833698 691552 846084 678279 368223 168272 146374 186149 291070 
3269786 879441 848175 790503 813415 642817 887962 733003 413396 149449 136315 160655 275085 
3047914 883960 911060 860928 829818 755929 895334 631052 377562 173641 138060 201681 293063 
3209832 903351 859291 821612 830555 677698 847081 692241 401086 158701 145159 176140 277254 
3132399 917256 886817 830205 815708 715875 858976 675962 395631 156570 139913 185666 289022 
3224401 905118 856358 827388 845548 669281 830670 680534 393943 166214 142257 179713 278582 
3230892 911454 846864 828162 834435 661152 840131 700020 409104 151888 137352 162777 285771 
3156687 911725 884105 848853 847993 688550 845068 661252 378130 163552 147208 182527 284350 
3202807 908097 873888 816239 812232 655998 889132 698401 398441 158018 138495 158363 289890 
3236698 891010 871791 776826 784760 668771 889807 715726 417877 168531 133956 173746 270501 
2979374 910227 962388 849090 842563 771450 856749 635539 368184 166049 148153 220884 289352 
3111355 887719 910736 816350 790531 714415 914913 682560 385942 167674 144969 197548 275294 
3369843 911311 839251 744576 774003 574602 895130 787608 430229 159763 122815 129083 261796 
3234827 907726 889834 809932 837904 646479 849620 695848 400332 143223 140041 159376 284858 
3169379 905556 881213 827216 823811 697323 857180 663614 391371 174839 144438 189217 274843 
3267071 920392 871662 807072 826262 637982 826543 710690 398438 155214 142004 156551 280123 
3186735 892520 890165 852476 877386 685333 820034 641758 389123 160601 137567 177038 289264 
3293953 932472 881905 764245 785261 594695 866862 761988 416551 143147 137098 148298 273527 
3333339 901447 833731 785068 832574 648945 810612 703183 418897 170422 137408 151174 273200 
3436664 884602 806951 756113 818912 570055 849224 765118 421177 178141 129832 123747 259465 
3349731 915451 878693 806414 749266 569538 843276 766018 444764 137020 130287 136697 272845 
2989312 906637 940778 882049 797550 769551 905559 602358 358658 179323 150900 243918 273412 
3059715 894600 912243 872130 805207 740542 905469 624895 361015 170407 143221 218011 292546 
3177115 892863 873294 849150 801962 678442 922087 672047 372782 153338 137828 177478 291616 
3176770 883418 869505 840996 827426 686378 878389 664665 373600 171272 160106 185562 281915 
3070544 929420 919350 865900 869659 704240 833789 641097 354750 175765 158164 187893 289429 
3142569 899408 890937 854360 866023 693928 821600 643396 368139 173132 162258 196765 287485 
3183914 885906 860294 848527 851623 680572 780439 663899 401533 198072 166720 195528 282973 
3144730 889428 883441 834307 838234 687989 852025 677204 388881 168615 165205 187232 282710 
3119756 885543 901818 859143 846358 705769 840469 648328 369905 169096 159683 210591 283541 
3195342 902956 867932 842606 829966 662171 827195 652664 390647 205903 154756 193949 273913 
3131547 903485 890663 838279 811594 698332 873410 637757 373826 202817 161362 202239 274689 
3105438 898728 919110 847342 819159 672631 916848 676504 375838 157576 149133 190961 270732 
3185084 889932 895684 812560 829147 657362 870140 699030 407837 156100 156205 179978 260954 
3085784 871053 934637 847340 848002 710650 860585 637115 383123 165629 179129 197780 279173 
2983597 917142 954830 857853 823218 747962 889791 639400 364817 169272 163550 209026 279542 
3037795 931962 951165 810450 770442 693214 904179 703029 390462 165713 156355 223642 261592 
3261319 896859 879983 804576 849349 617996 834112 706634 400313 158219 154749 158539 277352 
3041687 906832 967811 883807 900402 684357 819258 607720 368080 169293 174285 203204 273267 
3211470 899469 890451 820482 871101 662691 816365 665742 372487 186983 153077 180169 269517 
3161007 937857 915608 845780 855655 649707 788714 674630 380967 181020 158014 171521 279526 
3250965 907202 858853 803562 821021 635607 858423 714351 417276 164289 134879 153173 280400 
3160841 908609 907758 844712 836027 660052 852875 678175 408656 162493 144982 157259 277573 
3340130 888807 844114 753803 746459 599193 899616 762978 440912 177519 146123 149276 251079 
3168892 891517 932367 810334 797644 619565 903215 730284 403532 151119 146233 166637 278661 
3301771 899196 887111 767304 745953 575087 911515 793401 441363 133187 144166 137859 262087 
2963024 892464 960887 866031 819724 738533 906396 635173 374479 160615 180261 225281 277132 
3034906 910382 941563 853781 825842 718021 902989 640185 377342 163231 149283 203171 279304 
2998403 914325 977530 859153 826561 707611 916538 616419 368526 170871 154627 217130 272306 
3076720 889823 940802 852868 825313 694133 918808 640980 371966 167150 150434 199334 271675 
3089921 882618 938188 854856 829365 720143 895521 624512 371193 170192 143293 199617 280585 
3205103 893739 894616 800872 812683 631820 863515 695836 406734 195654 154784 174069 270576 
3227993 898299 886526 775786 790772 597688 928784 758435 418344 147478 150108 154564 265223 
3296941 918533 867605 801652 866695 579842 808281 724437 398218 161055 150309 160227 266210 
3144977 910972 905842 805741 800598 641604 927531 732550 392776 146739 141389 175270 274011 
3266725 930767 872052 833226 900171 620204 801380 666385 371991 162047 138270 152681 284107 
3438104 901423 813406 803957 901004 569176 733977 704762 386399 208721 132377 134085 272609 
3124843 874507 899409 836140 810560 699101 904272 669692 404209 168693 139520 183826 285228 
3153101 902689 906546 828620 816205 675077 890565 688692 390364 164536 131021 158158 294426 
3344551 858240 831854 772911 789149 601733 934355 781726 421650 139263 120313 137332 266924 
3022571 910884 932476 885118 833858 749761 862068 613618 363575 176383 142550 220149 286999 
3130793 920930 881246 838170 823398 700767 854702 680431 402162 157694 152725 175938 281046 
3151581 886701 875563 834349 838479 695470 875618 661832 390157 172111 149495 181737 286923 
3012142 912005 930097 884848 845855 770511 841613 596221 335943 188364 159453 233452 289496 
3100158 902668 896860 863191 821658 718048 869945 653714 376998 167843 139781 201917 287226 
3068074 912133 904011 865354 833538 716934 864981 650767 358296 174032 158498 205052 288332 
3097392 910837 898675 848439 819014 703526 888774 664604 378900 166697 141115 188337 293691 
2990486 890077 932342 874096 837423 770972 884977 618144 360644 177752 145355 221058 296674 
3218642 887681 860663 806370 810370 663924 871099 701989 409362 173407 157410 164571 274513 
3304594 836710 829341 799050 793060 625253 941868 751606 413763 149917 142180 148068 264590 
3093356 875817 889594 836423 834896 730285 871945 650175 393646 177518 155210 194953 296183 
3034605 881696 928073 874811 830139 760208 869533 610482 362939 184496 144271 229695 289052 
3148316 884597 888760 850853 817947 689009 882310 664678 394012 168081 147797 184581 279059 
3126391 867851 863668 867133 823986 720797 881772 656791 377702 173791 152788 193298 294032 
3230295 867511 842802 818629 819339 658409 892369 718860 402494 153143 152801 154285 289067 
3135859 882455 874663 840992 818800 710244 901535 670216 392592 163801 144710 166875 297260 
3129806 910185 869222 832258 822277 715063 864983 664164 406671 170378 152939 175399 286660 
3082620 919258 901869 847189 826348 728313 853259 656685 382302 169229 155000 197470 280458 
3015949 930752 921889 873415 844809 733286 870181 637336 351901 169868 161690 205622 283311 
3087858 932816 889277 873907 855124 711146 832743 644633 365701 172556 159433 183598 291213 
2999558 909622 923294 889840 832240 775285 877884 612242 350245 168523 145236 213525 302512 
3215525 878385 850353 810876 794429 669883 933468 714577 405201 150875 130052 159377 287000 
3003682 917523 912604 863978 820829 770776 899648 623087 368087 165456 147732 216960 289642 
3133669 937533 883727 843718 835478 696536 845742 673277 378150 160718 145215 178777 287460 
3236670 887790 863661 831167 813957 661425 858729 695177 383369 163539 143004 188090 273422 
3093764 905482 903421 854844 823927 733853 871714 643259 380073 158470 140053 193633 297507 
3040264 908808 921830 861915 836493 743552 860326 637751 374123 168525 156549 201199 288665 
3058042 912073 926230 879636 815113 718921 899682 621504 360751 179490 139889 212608 276061 
3024107 926776 941270 898531 827066 735693 863722 602688 361053 174000 142783 201281 301040 
2903615 931239 989668 935139 831562 752472 886590 579380 344147 171022 155142 210542 309482 
2937859 931366 965660 898547 819632 783873 873192 583799 351316 185774 143513 234953 290517 
3201780 897489 864583 852522 773719 681746 875470 690777 384116 157713 139868 176383 303834 
3118519 896763 899749 874841 794772 720584 865827 646180 371913 171698 142452 195546 301170 
3071343 891372 926580 886459 820004 705265 875937 645179 374356 164502 140963 201030 297011 
2975042 929889 972110 892198 806144 761560 882004 596976 354771 178599 143457 214215 293035 
3032988 906085 921966 872333 841485 739002 841232 630235 368104 184245 176831 206839 278655 
3019884 941217 941563 871165 860656 713290 861270 625138 336086 172738 156740 202534 297721 
3042440 937012 933218 869925 869304 711070 826261 624890 333593 191637 174655 197090 288910 
3059197 916274 916258 866282 847667 701435 865145 642704 353753 178164 158663 206379 288082 
3207627 890949 867950 824781 819968 664152 878028 698480 386058 160212 137286 175949 288561 
2924014 908904 947322 886946 827148 785844 926546 594728 341751 179919 148863 253154 274867 
3131772 884526 871445 869023 830488 706566 873325 638309 378839 172409 154990 211913 276395 
3193493 879928 868121 848985 804246 657915 936140 683358 368051 157123 142221 184720 275699 
3223683 863061 867250 842104 806029 667767 892727 683562 386225 163229 136872 189810 277684 
3071881 876905 916370 872585 856558 738630 832721 628587 367166 174821 172500 207334 283942 
3101066 910133 923855 824788 797211 709221 872044 675379 372901 176409 149177 208648 279171 
3044468 920261 950738 838176 802060 706753 881703 654333 370327 183986 145501 225483 276212 
3056703 883428 918409 858172 828163 702559 855717 660157 374435 177918 169396 232016 282941 
3091640 912697 929795 831977 801845 697902 873138 661283 372705 187193 147397 219494 272935 
3143236 894995 911260 837416 808162 686058 880961 676764 373720 168308 135590 198695 284835 
3061147 907257 922708 859478 807785 717365 859852 657646 381932 169753 159564 211145 284369 
3127371 929458 903563 831091 827379 677461 825500 681674 389914 184045 147193 194991 280361 
3081785 928035 929314 848791 814573 694782 836032 664601 391856 170632 142558 215425 281618 
3072860 887413 930599 871750 839479 732140 850057 638017 356803 165212 159181 210101 286388 
3256280 928028 872240 773286 799068 621506 828582 729764 412444 196181 139435 166253 276933 
3371567 917409 831150 759785 796905 578450 833372 758739 438852 170639 131796 145078 266258 
3135130 889407 884231 844607 827566 699865 825799 668222 381767 191221 166773 199974 285439 
3087060 929906 931693 821945 792928 669980 876376 702837 386532 162039 166089 194692 277924 
3048393 892606 934301 864383 827896 743525 868038 646760 358228 165874 153994 206227 289778 
3071823 879032 911778 846790 805046 695950 863264 680664 390478 180289 178468 220525 275893 
3006472 912797 952793 874530 817753 732948 861452 618824 363220 186349 167991 227084 277787 
2963158 931859 963819 899773 852272 725996 872001 581801 356067 185821 147568 231982 287883 
3069102 928474 914138 835491 803901 685143 896482 651580 387306 187053 162721 208726 269883 
2978052 899060 949526 872078 827256 755665 891395 584906 351767 202548 168430 251239 268083 
2979563 908412 938533 857476 832102 780323 869990 625411 359377 185717 157424 222260 283414 
3174378 906034 867374 830267 831900 682875 841386 647124 393654 202785 153943 179668 288626 
3203889 873228 873562 820849 811864 683220 880328 668236 393913 172453 144069 175787 298602 
3151341 885604 915970 817736 810530 649474 913796 694520 398112 155896 152541 174350 280130 
3082726 891085 958249 834506 810138 652184 918669 694321 383484 148584 163348 182440 280266 
3028285 869932 969045 851708 817861 691383 919967 660258 374270 155695 175326 219819 266455 
3149395 896872 923724 815384 797541 641926 905412 708430 398676 152603 165894 174104 270044 
3108910 890847 933809 824110 813872 654371 933764 683130 379350 148060 164987 191600 273191 
3213015 900567 911698 818716 835331 618637 861325 709322 382180 154036 159320 162188 273665 
3233578 880655 886775 798330 814134 615454 915967 717410 377701 163206 161817 168200 266780 
3212307 894761 900647 794859 771840 641525 866781 702435 404389 190728 168539 193998 257191 
3284788 892970 895647 789128 794975 586246 851262 748556 404054 163967 151630 172218 264569 
3272836 897002 887516 762697 763657 589677 911657 778972 410205 153903 145574 159639 266665 
3012849 926453 943818 843022 845869 721789 871850 624721 376121 184335 157256 222690 269227 
3051189 907625 916323 839345 821437 714867 901344 654033 376250 169813 164453 214735 268590 
3102821 901650 923241 868934 839122 685643 869158 644217 372436 165534 147744 195917 283584 
3042933 904561 956492 874242 846572 671164 897970 630759 366623 172596 155919 209538 270637 
3182790 908352 911625 813999 820025 645090 878323 689515 392905 156646 149793 169482 281455 
3077732 903464 946265 831975 822385 667664 911620 681308 388780 156684 152128 190364 269631 
3280852 915478 876367 740948 763587 572863 977355 795209 420991 137392 122117 134962 261879 
3210658 897096 861171 783614 823016 650165 909304 708148 405972 168468 138567 162551 281286 
3173762 904420 867601 801452 818031 663035 880971 680337 407816 177294 147123 190738 287422 
3177352 903718 878005 792031 803698 668730 891771 701194 421888 161268 143075 173883 283390 
3206979 891027 856959 796807 817752 661576 833584 700449 420823 211507 149879 172791 279867 
3269325 874305 827575 790004 791856 642047 904082 736028 402712 188005 146675 164055 263345 
3265638 867363 843707 815728 792918 654674 880099 701160 417154 184270 148462 148268 280560 
